          7010	2025-06-02 09:30:47	1	255	1	0
          7009	2025-06-02 09:30:55	1	255	1	0
          7060	2025-06-02 09:31:55	1	255	1	0
          7007	2025-06-02 09:51:02	1	255	1	0
          7002	2025-06-02 09:57:34	1	255	1	0
          7004	2025-06-02 10:19:33	1	255	1	0
          7006	2025-06-02 10:42:20	1	255	15	0
          7030	2025-06-02 11:15:55	1	255	15	0
          7030	2025-06-02 11:15:58	1	255	15	0
          7015	2025-06-02 11:53:15	1	255	1	0
          9999	2025-06-02 11:56:55	1	255	4	0
          9999	2025-06-02 11:56:57	1	255	4	0
          7007	2025-06-02 18:10:13	1	255	1	0
          7004	2025-06-02 18:10:20	1	255	15	0
          7004	2025-06-02 18:10:22	1	255	15	0
          7002	2025-06-02 18:19:39	1	255	1	0
          7060	2025-06-02 18:20:50	1	255	15	0
          7006	2025-06-02 18:21:09	1	255	15	0
          7006	2025-06-02 18:21:12	1	255	15	0
          7010	2025-06-02 18:21:15	1	255	15	0
          7010	2025-06-02 18:21:18	1	255	15	0
          7015	2025-06-02 18:32:27	1	255	1	0
          7002	2025-06-02 18:32:55	1	255	1	0
          7009	2025-06-03 09:23:55	1	255	1	0
          7010	2025-06-03 09:24:01	1	255	1	0
          7007	2025-06-03 09:26:58	1	255	1	0
          7060	2025-06-03 09:31:31	1	255	1	0
          7003	2025-06-03 09:46:10	1	255	1	0
          7002	2025-06-03 09:51:48	1	255	1	0
          7004	2025-06-03 09:53:41	1	255	1	0
          7031	2025-06-03 10:13:51	1	255	15	0
          7031	2025-06-03 10:13:54	1	255	15	0
          7012	2025-06-03 10:23:59	1	255	15	0
          7006	2025-06-03 10:40:11	1	255	15	0
          7006	2025-06-03 10:40:14	1	255	15	0
          7030	2025-06-03 10:48:41	1	255	15	0
          7030	2025-06-03 10:48:44	1	255	15	0
          7030	2025-06-03 17:37:44	1	255	15	0
          7009	2025-06-03 17:59:31	1	255	1	0
          7004	2025-06-03 17:59:33	1	255	1	0
          7012	2025-06-03 17:59:44	1	255	15	0
          7005	2025-06-03 17:59:50	1	255	1	0
          7060	2025-06-03 18:14:13	1	255	1	0
          7010	2025-06-03 18:20:11	1	255	1	0
          7002	2025-06-03 18:27:17	1	255	1	0
          7031	2025-06-03 19:56:35	1	255	15	0
          7031	2025-06-03 19:56:38	1	255	15	0
          7006	2025-06-03 19:58:31	1	255	15	0
          7006	2025-06-03 19:58:33	1	255	15	0
          7009	2025-06-04 09:14:10	1	255	1	0
          7010	2025-06-04 09:14:54	1	255	1	0
          7060	2025-06-04 09:32:09	1	255	1	0
          7003	2025-06-04 10:07:52	1	255	1	0
          7006	2025-06-04 10:10:10	1	255	15	0
          7015	2025-06-04 10:10:40	1	255	1	0
          7002	2025-06-04 10:11:02	1	255	1	0
          7031	2025-06-04 10:12:23	1	255	15	0
          7031	2025-06-04 10:12:25	1	255	15	0
          7012	2025-06-04 10:20:05	1	255	15	0
          7012	2025-06-04 10:20:08	1	255	15	0
          7004	2025-06-04 10:26:01	1	255	1	0
          7030	2025-06-04 10:43:01	1	255	15	0
          7005	2025-06-04 11:03:17	1	255	1	0
          7004	2025-06-04 18:00:03	1	255	1	0
          7005	2025-06-04 18:06:50	1	255	1	0
          7009	2025-06-04 18:06:54	1	255	1	0
          7012	2025-06-04 18:09:12	1	255	15	0
          7002	2025-06-04 18:22:47	1	255	1	0
          7015	2025-06-04 18:25:03	1	255	1	0
          7060	2025-06-04 18:34:35	1	255	1	0
          7010	2025-06-04 18:36:16	1	255	1	0
          7031	2025-06-04 19:19:31	1	255	15	0
          7031	2025-06-04 19:19:34	1	255	15	0
          7006	2025-06-04 19:19:40	1	255	15	0
          7003	2025-06-04 19:19:55	1	255	1	0
          7007	2025-06-05 09:08:43	1	255	1	0
          7009	2025-06-05 09:24:27	1	255	1	0
          7010	2025-06-05 09:24:31	1	255	1	0
          7060	2025-06-05 09:38:19	1	255	1	0
          7003	2025-06-05 10:00:41	1	255	1	0
          7003	2025-06-05 10:00:43	1	255	1	0
          7006	2025-06-05 10:08:34	1	255	15	0
          7031	2025-06-05 10:12:28	1	255	15	0
          7015	2025-06-05 10:25:00	1	255	1	0
          7012	2025-06-05 10:25:36	1	255	15	0
          7012	2025-06-05 10:25:39	1	255	15	0
          7002	2025-06-05 10:28:16	1	255	1	0
          7030	2025-06-05 11:10:11	1	255	15	0
          9999	2025-06-05 15:51:54	1	255	4	0
          7015	2025-06-05 18:07:51	1	255	1	0
          7012	2025-06-05 18:08:13	1	255	15	0
          7006	2025-06-05 18:08:49	1	255	15	0
          7003	2025-06-05 18:27:20	1	255	1	0
          7009	2025-06-05 18:28:43	1	255	1	0
          7010	2025-06-05 18:28:48	1	255	1	0
          7031	2025-06-05 18:32:32	1	255	15	0
          7002	2025-06-05 18:49:45	1	255	1	0
          7060	2025-06-05 19:01:58	1	255	1	0
          7007	2025-06-06 08:37:10	1	255	1	0
          7009	2025-06-06 09:12:19	1	255	1	0
          7010	2025-06-06 09:12:25	1	255	1	0
          7060	2025-06-06 09:26:11	1	255	1	0
          7004	2025-06-06 10:04:37	1	255	1	0
          7015	2025-06-06 10:10:38	1	255	1	0
          7012	2025-06-06 10:14:22	1	255	15	0
          7002	2025-06-06 10:15:42	1	255	1	0
          7006	2025-06-06 11:01:13	1	255	15	0
          7006	2025-06-06 11:01:15	1	255	15	0
          7030	2025-06-06 11:45:42	1	255	15	0
          7009	2025-06-06 18:04:56	1	255	1	0
          7007	2025-06-06 18:05:01	1	255	1	0
          7012	2025-06-06 18:15:52	1	255	1	0
          7015	2025-06-06 18:15:59	1	255	1	0
          7004	2025-06-06 18:18:46	1	255	1	0
          7060	2025-06-06 18:26:07	1	255	1	0
          7010	2025-06-06 18:42:27	1	255	1	0
          7006	2025-06-06 18:42:49	1	255	15	0
          7006	2025-06-06 18:42:52	1	255	15	0
          7002	2025-06-06 20:02:55	1	255	1	0
          7010	2025-06-07 09:19:45	1	255	1	0
          7009	2025-06-07 09:19:47	1	255	1	0
          7060	2025-06-07 09:26:08	1	255	1	0
          7002	2025-06-07 10:23:23	1	255	1	0
          7015	2025-06-07 10:31:13	1	255	1	0
          7006	2025-06-07 10:34:28	1	255	15	0
          7030	2025-06-07 10:48:19	1	255	15	0
          7030	2025-06-07 10:48:21	1	255	15	0
          7012	2025-06-07 11:33:53	1	255	15	0
          7012	2025-06-07 11:33:56	1	255	15	0
          7004	2025-06-07 11:35:28	1	255	1	0
          7009	2025-06-07 16:03:30	1	255	1	0
          7007	2025-06-07 16:03:32	1	255	1	0
          7010	2025-06-07 16:03:35	1	255	1	0
          7006	2025-06-07 16:06:29	1	255	15	0
          7006	2025-06-07 16:06:32	1	255	15	0
          7031	2025-06-07 16:06:36	1	255	15	0
          7031	2025-06-07 16:06:39	1	255	15	0
          7002	2025-06-07 16:18:34	1	255	1	0
          7015	2025-06-07 16:31:17	1	255	1	0
          7060	2025-06-07 17:01:03	1	255	1	0
          7004	2025-06-07 17:01:08	1	255	1	0
          7012	2025-06-07 17:01:22	1	255	15	0
          7060	2025-06-09 09:33:19	1	255	1	0
          7009	2025-06-09 09:34:03	1	255	1	0
          7010	2025-06-09 09:34:12	1	255	1	0
          7007	2025-06-09 10:06:05	1	255	1	0
          7002	2025-06-09 10:21:54	1	255	1	0
          7006	2025-06-09 10:23:53	1	255	15	0
          7003	2025-06-09 10:30:20	1	255	1	0
          7004	2025-06-09 10:34:30	1	255	1	0
          7030	2025-06-09 10:48:53	1	255	15	0
          7030	2025-06-09 10:48:55	1	255	15	0
          7015	2025-06-09 11:15:15	1	255	1	0
          7009	2025-06-09 17:50:06	1	255	1	0
          7004	2025-06-09 17:51:54	1	255	1	0
          7060	2025-06-09 18:05:00	1	255	1	0
          7015	2025-06-09 18:09:49	1	255	1	0
          7010	2025-06-09 18:12:05	1	255	1	0
          7007	2025-06-09 18:22:24	1	255	1	0
          7006	2025-06-09 18:23:22	1	255	15	0
          7031	2025-06-09 18:24:03	1	255	15	0
          7002	2025-06-09 18:26:10	1	255	1	0
          7060	2025-06-10 09:33:10	1	255	1	0
          7010	2025-06-10 09:33:44	1	255	1	0
          7007	2025-06-10 09:46:55	1	255	1	0
          7003	2025-06-10 10:12:15	1	255	1	0
          7004	2025-06-10 10:16:15	1	255	1	0
          7009	2025-06-10 10:16:24	1	255	1	0
          7031	2025-06-10 10:17:01	1	255	15	0
          7002	2025-06-10 10:17:14	1	255	1	0
          7006	2025-06-10 10:40:44	1	255	15	0
          7015	2025-06-10 11:06:57	1	255	1	0
          7030	2025-06-10 14:11:25	1	255	15	0
          7030	2025-06-10 14:11:28	1	255	15	0
          7010	2025-06-10 18:18:24	1	255	1	0
          7015	2025-06-10 18:18:38	1	255	1	0
          7007	2025-06-10 18:18:40	1	255	1	0
          7009	2025-06-10 18:18:42	1	255	1	0
          7015	2025-06-10 18:21:17	1	255	1	0
          7003	2025-06-10 18:21:54	1	255	1	0
          7006	2025-06-10 18:22:43	1	255	15	0
          7006	2025-06-10 18:22:46	1	255	15	0
          7031	2025-06-10 18:22:51	1	255	15	0
          7002	2025-06-10 18:24:39	1	255	1	0
          7004	2025-06-10 22:02:13	1	255	1	0
          7010	2025-06-11 09:29:20	1	255	1	0
          7009	2025-06-11 09:29:29	1	255	1	0
          7002	2025-06-11 09:42:54	1	255	1	0
          7060	2025-06-11 09:43:17	1	255	1	0
          7031	2025-06-11 09:44:06	1	255	15	0
          7031	2025-06-11 09:44:09	1	255	15	0
          7003	2025-06-11 09:58:45	1	255	1	0
          7007	2025-06-11 10:00:22	1	255	1	0
          7004	2025-06-11 10:44:47	1	255	1	0
          7012	2025-06-11 10:45:31	1	255	15	0
          7012	2025-06-11 10:45:33	1	255	15	0
          7030	2025-06-11 10:53:03	1	255	15	0
          7030	2025-06-11 10:53:06	1	255	15	0
          7006	2025-06-11 11:08:54	1	255	15	0
          7012	2025-06-11 15:04:36	1	255	1	0
          7004	2025-06-11 17:50:05	1	255	1	0
          7009	2025-06-11 17:50:08	1	255	1	0
          7002	2025-06-11 17:57:22	1	255	1	0
          7060	2025-06-11 18:02:30	1	255	1	0
          7010	2025-06-11 18:03:53	1	255	1	0
          7031	2025-06-11 18:59:50	1	255	15	0
          7007	2025-06-11 18:59:55	1	255	1	0
          7003	2025-06-11 19:28:34	1	255	1	0
          7009	2025-06-12 09:27:06	1	255	1	0
          7010	2025-06-12 09:27:10	1	255	15	0
          7060	2025-06-12 09:28:03	1	255	1	0
          7007	2025-06-12 09:43:18	1	255	1	0
          7002	2025-06-12 09:47:13	1	255	1	0
          7031	2025-06-12 10:04:45	1	255	15	0
          7004	2025-06-12 10:09:16	1	255	1	0
          7006	2025-06-12 10:17:51	1	255	15	0
          7012	2025-06-12 10:21:27	1	255	15	0
          7012	2025-06-12 10:21:29	1	255	15	0
          7003	2025-06-12 10:41:04	1	255	1	0
          7030	2025-06-12 10:52:03	1	255	15	0
          7030	2025-06-12 10:52:05	1	255	15	0
          7030	2025-06-12 12:58:25	1	255	15	0
          7006	2025-06-12 17:45:58	1	255	15	0
          7002	2025-06-12 17:58:37	1	255	1	0
          7012	2025-06-12 18:02:14	1	255	15	0
          7007	2025-06-12 18:02:22	1	255	1	0
          7004	2025-06-12 18:02:53	1	255	1	0
          7009	2025-06-12 18:03:02	1	255	1	0
          7010	2025-06-12 18:04:07	1	255	1	0
          7060	2025-06-12 18:33:39	1	255	1	0
          7031	2025-06-12 18:51:57	1	255	15	0
          7031	2025-06-12 18:52:00	1	255	15	0
          7007	2025-06-13 08:30:19	1	255	1	0
          7030	2025-06-13 08:45:26	1	255	15	0
          7009	2025-06-13 09:07:57	1	255	1	0
          7060	2025-06-13 09:27:39	1	255	1	0
          7003	2025-06-13 09:50:59	1	255	1	0
          7031	2025-06-13 09:52:48	1	255	15	0
          7012	2025-06-13 09:53:11	1	255	15	0
          7015	2025-06-13 10:06:26	1	255	1	0
          7015	2025-06-13 10:06:28	1	255	1	0
          7002	2025-06-13 10:13:05	1	255	1	0
          7002	2025-06-13 10:13:06	1	255	1	0
          7004	2025-06-13 10:22:51	1	255	1	0
          7006	2025-06-13 10:33:00	1	255	15	0
