          7008	2025-08-01 09:14:12	1	255	15	0
          7009	2025-08-01 09:14:20	1	255	1	0
          7010	2025-08-01 09:14:44	1	255	1	0
          7031	2025-08-01 09:52:02	1	255	15	0
          7007	2025-08-01 09:57:51	1	255	1	0
          7007	2025-08-01 09:57:52	1	255	1	0
          7030	2025-08-01 10:16:04	1	255	15	0
          7030	2025-08-01 10:17:59	1	255	15	0
          7030	2025-08-01 10:18:02	1	255	15	0
          7030	2025-08-01 10:19:05	1	255	15	0
          7030	2025-08-01 10:19:08	1	255	15	0
          7015	2025-08-01 10:19:11	1	255	1	0
          7003	2025-08-01 10:22:00	1	255	1	0
          7004	2025-08-01 10:27:43	1	255	15	0
          7004	2025-08-01 10:27:46	1	255	15	0
          7012	2025-08-01 10:28:06	1	255	15	0
          7002	2025-08-01 10:33:32	1	255	1	0
          7006	2025-08-01 11:07:59	1	255	15	0
          7006	2025-08-01 11:08:02	1	255	15	0
          7030	2025-08-01 13:23:33	1	255	15	0
          7030	2025-08-01 13:23:36	1	255	1	0
          7009	2025-08-01 16:37:20	1	255	1	0
          7008	2025-08-01 18:06:23	1	255	1	0
          7002	2025-08-01 18:06:34	1	255	1	0
          7015	2025-08-01 18:07:52	1	255	1	0
          7007	2025-08-01 18:17:12	1	255	1	0
          7004	2025-08-01 18:22:03	1	255	15	0
          7012	2025-08-01 18:22:15	1	255	15	0
          7003	2025-08-01 18:35:14	1	255	1	0
          7031	2025-08-01 18:54:15	1	255	15	0
          7031	2025-08-01 18:54:17	1	255	15	0
          7006	2025-08-01 18:54:21	1	255	15	0
          7006	2025-08-01 18:54:24	1	255	15	0
          7008	2025-08-02 09:34:10	1	255	15	0
          7009	2025-08-02 09:56:22	1	255	1	0
          7031	2025-08-02 10:08:17	1	255	15	0
          7002	2025-08-02 10:20:36	1	255	1	0
          7004	2025-08-02 10:22:14	1	255	15	0
          7012	2025-08-02 10:23:12	1	255	15	0
          7012	2025-08-02 10:23:14	1	255	15	0
          7015	2025-08-02 10:26:04	1	255	1	0
          7006	2025-08-02 10:32:51	1	255	15	0
          7030	2025-08-02 10:54:30	1	255	15	0
          7030	2025-08-02 10:54:40	1	255	1	0
          7030	2025-08-02 10:54:42	1	255	15	0
          7003	2025-08-02 11:14:49	1	255	1	0
          7007	2025-08-02 12:28:51	1	255	1	0
          7030	2025-08-02 13:56:27	1	255	15	0
          7030	2025-08-02 13:56:39	1	255	15	0
          7030	2025-08-02 13:56:41	1	255	15	0
          7008	2025-08-02 16:04:21	1	255	1	0
          7004	2025-08-02 16:10:52	1	255	1	0
          7012	2025-08-02 16:11:34	1	255	15	0
          7015	2025-08-02 16:16:28	1	255	1	0
          7002	2025-08-02 16:43:55	1	255	1	0
          7003	2025-08-02 17:33:14	1	255	1	0
          7006	2025-08-02 17:41:03	1	255	15	0
          7008	2025-08-04 09:12:51	1	255	1	0
          7009	2025-08-04 09:43:37	1	255	1	0
          7010	2025-08-04 09:43:47	1	255	1	0
          7031	2025-08-04 09:49:11	1	255	1	0
          7003	2025-08-04 10:07:45	1	255	1	0
          7004	2025-08-04 10:18:00	1	255	1	0
          7012	2025-08-04 10:18:34	1	255	15	0
          7030	2025-08-04 10:21:00	1	255	15	0
          7015	2025-08-04 10:28:04	1	255	1	0
          7006	2025-08-04 10:52:29	1	255	15	0
          7002	2025-08-04 11:18:00	1	255	1	0
          7030	2025-08-04 13:45:28	1	255	15	0
          7030	2025-08-04 13:45:37	1	255	15	0
          7030	2025-08-04 13:45:39	1	255	15	0
          7031	2025-08-04 18:48:41	1	255	1	0
          7008	2025-08-05 09:40:45	1	255	1	0
          7031	2025-08-05 10:04:46	1	255	15	0
          7003	2025-08-05 10:12:26	1	255	1	0
          7015	2025-08-05 10:20:15	1	255	1	0
          7004	2025-08-05 10:32:39	1	255	1	0
          7012	2025-08-05 10:33:16	1	255	15	0
          7012	2025-08-05 10:33:18	1	255	15	0
          7006	2025-08-05 10:43:12	1	255	15	0
          7002	2025-08-05 10:43:54	1	255	1	0
          7030	2025-08-05 11:19:55	1	255	1	0
          7030	2025-08-05 13:41:52	1	255	15	0
          7030	2025-08-05 13:41:55	1	255	1	0
          9999	2025-08-05 18:03:00	1	255	4	0
          9999	2025-08-05 18:03:02	1	255	4	0
          7008	2025-08-05 18:07:34	1	255	1	0
          7015	2025-08-05 18:08:29	1	255	1	0
          7004	2025-08-05 18:25:21	1	255	1	0
          7012	2025-08-05 18:25:33	1	255	15	0
          7009	2025-08-05 18:26:30	1	255	1	0
          7006	2025-08-05 18:27:53	1	255	15	0
          7002	2025-08-05 18:41:32	1	255	1	0
          7031	2025-08-05 20:00:44	1	255	1	0
          7030	2025-08-06 08:58:04	1	255	1	0
          7008	2025-08-06 09:14:37	1	255	1	0
          7008	2025-08-06 09:14:38	1	255	1	0
          7010	2025-08-06 09:28:36	1	255	1	0
          7009	2025-08-06 09:28:44	1	255	1	0
          7031	2025-08-06 09:56:14	1	255	15	0
          7003	2025-08-06 10:01:49	1	255	1	0
          7012	2025-08-06 10:15:24	1	255	15	0
          7006	2025-08-06 10:19:14	1	255	15	0
          7006	2025-08-06 10:19:16	1	255	15	0
          7015	2025-08-06 10:19:29	1	255	1	0
          7002	2025-08-06 10:21:40	1	255	1	0
          7004	2025-08-06 10:43:14	1	255	1	0
          7030	2025-08-06 13:54:42	1	255	15	0
          7030	2025-08-06 13:54:45	1	255	1	0
          7009	2025-08-06 18:00:23	1	255	1	0
          7004	2025-08-06 18:00:28	1	255	1	0
          7006	2025-08-06 18:14:18	1	255	15	0
          7012	2025-08-06 18:14:48	1	255	15	0
          7008	2025-08-06 18:19:30	1	255	1	0
          7015	2025-08-06 18:20:32	1	255	1	0
          7010	2025-08-06 18:22:54	1	255	1	0
          7002	2025-08-06 18:36:28	1	255	1	0
          7003	2025-08-06 20:14:32	1	255	1	0
          7031	2025-08-06 20:17:12	1	255	15	0
          7009	2025-08-07 09:09:24	1	255	1	0
          7010	2025-08-07 09:09:33	1	255	1	0
          7008	2025-08-07 09:12:13	1	255	15	0
          7008	2025-08-07 09:12:15	1	255	15	0
          7031	2025-08-07 09:40:16	1	255	15	0
          7031	2025-08-07 09:40:19	1	255	15	0
          7002	2025-08-07 09:45:18	1	255	1	0
          7015	2025-08-07 09:51:36	1	255	1	0
          7012	2025-08-07 10:00:00	1	255	15	0
          7003	2025-08-07 10:12:22	1	255	1	0
          7004	2025-08-07 10:21:17	1	255	1	0
          7006	2025-08-07 10:32:57	1	255	15	0
          7030	2025-08-07 10:40:55	1	255	15	0
          7030	2025-08-07 13:32:08	1	255	15	0
          7006	2025-08-07 18:10:08	1	255	15	0
          7008	2025-08-07 18:15:55	1	255	15	0
          7009	2025-08-07 18:17:41	1	255	1	0
          7004	2025-08-07 18:17:47	1	255	1	0
          7015	2025-08-07 18:17:52	1	255	1	0
          7010	2025-08-07 18:19:35	1	255	1	0
          7002	2025-08-07 18:23:56	1	255	1	0
          7012	2025-08-07 18:35:49	1	255	15	0
          7008	2025-08-08 09:14:12	1	255	15	0
          7008	2025-08-08 09:14:15	1	255	15	0
          7009	2025-08-08 09:25:56	1	255	1	0
          7010	2025-08-08 09:26:09	1	255	1	0
          7015	2025-08-08 09:53:09	1	255	1	0
          7002	2025-08-08 09:57:23	1	255	1	0
          7031	2025-08-08 10:08:48	1	255	15	0
          7031	2025-08-08 10:08:51	1	255	15	0
          7006	2025-08-08 10:38:31	1	255	15	0
          7006	2025-08-08 10:38:33	1	255	15	0
          7012	2025-08-08 10:47:12	1	255	15	0
          7004	2025-08-08 10:47:44	1	255	1	0
          7003	2025-08-08 10:50:32	1	255	1	0
          7030	2025-08-08 10:58:16	1	255	1	0
          7009	2025-08-08 18:12:41	1	255	1	0
          7010	2025-08-08 18:12:44	1	255	1	0
          7002	2025-08-08 18:17:49	1	255	1	0
          7015	2025-08-08 18:18:26	1	255	1	0
          7012	2025-08-08 18:21:04	1	255	15	0
          7008	2025-08-08 18:21:57	1	255	15	0
          7004	2025-08-08 18:23:04	1	255	15	0
          7004	2025-08-08 18:23:07	1	255	15	0
          7003	2025-08-08 18:33:52	1	255	1	0
          7031	2025-08-08 19:44:23	1	255	15	0
          7006	2025-08-08 19:44:35	1	255	15	0
          7030	2025-08-09 09:15:15	1	255	15	0
          7010	2025-08-09 09:37:13	1	255	1	0
          7009	2025-08-09 09:37:18	1	255	1	0
          7008	2025-08-09 09:54:18	1	255	15	0
          7006	2025-08-09 09:56:33	1	255	15	0
          7012	2025-08-09 10:13:09	1	255	15	0
          7015	2025-08-09 10:28:53	1	255	1	0
          7030	2025-08-09 14:06:35	1	255	1	0
          7006	2025-08-09 14:53:59	1	255	15	0
          7015	2025-08-09 16:18:47	1	255	1	0
          7010	2025-08-09 16:28:21	1	255	1	0
          7002	2025-08-09 17:17:24	1	255	1	0
          7030	2025-08-11 09:16:26	1	255	15	0
          7030	2025-08-11 09:16:28	1	255	1	0
          7009	2025-08-11 09:18:41	1	255	1	0
          7010	2025-08-11 09:18:49	1	255	1	0
          7008	2025-08-11 09:21:37	1	255	1	0
          7015	2025-08-11 09:32:05	1	255	1	0
          7031	2025-08-11 09:44:34	1	255	15	0
          7003	2025-08-11 09:54:48	1	255	1	0
          7002	2025-08-11 10:09:42	1	255	1	0
          7012	2025-08-11 10:28:56	1	255	15	0
          7004	2025-08-11 10:58:28	1	255	1	0
          7006	2025-08-11 11:35:07	1	255	15	0
          7006	2025-08-11 11:35:09	1	255	15	0
          7009	2025-08-11 18:23:02	1	255	1	0
          7002	2025-08-11 20:20:04	1	255	1	0
          7010	2025-08-11 20:20:33	1	255	1	0
          7031	2025-08-11 20:27:11	1	255	15	0
          7006	2025-08-11 20:27:17	1	255	15	0
          7004	2025-08-11 20:27:24	1	255	1	0
          7012	2025-08-11 20:27:51	1	255	15	0
          7015	2025-08-11 21:14:11	1	255	1	0
          7008	2025-08-11 21:14:59	1	255	1	0
          7003	2025-08-11 21:15:07	1	255	1	0
          7015	2025-08-11 21:15:11	1	255	1	0
          7030	2025-08-12 08:58:36	1	255	1	0
          7009	2025-08-12 09:21:49	1	255	1	0
          7010	2025-08-12 09:21:58	1	255	1	0
          7008	2025-08-12 09:27:11	1	255	1	0
          7031	2025-08-12 10:02:52	1	255	15	0
          7004	2025-08-12 10:19:37	1	255	1	0
          7012	2025-08-12 10:19:57	1	255	15	0
          7006	2025-08-12 10:34:51	1	255	15	0
          7006	2025-08-12 10:34:54	1	255	15	0
          7003	2025-08-12 10:40:35	1	255	1	0
          7002	2025-08-12 10:45:29	1	255	1	0
          7015	2025-08-12 11:10:32	1	255	1	0
          7030	2025-08-12 13:17:20	1	255	15	0
          7012	2025-08-12 18:17:59	1	255	15	0
          7004	2025-08-12 18:18:12	1	255	1	0
          7010	2025-08-12 18:19:16	1	255	1	0
          7009	2025-08-12 18:19:25	1	255	1	0
          7002	2025-08-12 18:23:12	1	255	1	0
          7004	2025-08-12 18:23:34	1	255	1	0
          7006	2025-08-12 18:23:40	1	255	15	0
          7008	2025-08-12 18:45:11	1	255	1	0
          7031	2025-08-12 22:44:30	1	255	15	0
          7031	2025-08-12 22:44:32	1	255	15	0
          7003	2025-08-12 23:12:58	1	255	1	0
          7008	2025-08-13 09:20:10	1	255	1	0
          7009	2025-08-13 09:36:12	1	255	1	0
          7010	2025-08-13 09:36:22	1	255	1	0
          7030	2025-08-13 09:37:38	1	255	15	0
          7030	2025-08-13 09:37:46	1	255	15	0
          7030	2025-08-13 09:37:48	1	255	15	0
          7002	2025-08-13 10:08:09	1	255	1	0
          7006	2025-08-13 10:36:47	1	255	15	0
          7030	2025-08-13 12:54:16	1	255	15	0
          7030	2025-08-13 12:54:18	1	255	15	0
          7012	2025-08-13 13:57:22	1	255	15	0
          7004	2025-08-13 13:57:30	1	255	15	0
          7008	2025-08-13 15:25:00	1	255	1	0
          7002	2025-08-13 16:00:30	1	255	1	0
          7003	2025-08-13 16:28:56	1	255	1	0
          7031	2025-08-13 16:42:03	1	255	15	0
          7006	2025-08-13 16:46:04	1	255	15	0
          7006	2025-08-13 16:46:06	1	255	15	0
          7008	2025-08-14 09:14:54	1	255	1	0
          7010	2025-08-14 09:40:21	1	255	1	0
          7009	2025-08-14 09:40:24	1	255	1	0
          7031	2025-08-14 10:09:45	1	255	15	0
          7015	2025-08-14 10:10:30	1	255	1	0
          7002	2025-08-14 10:19:55	1	255	1	0
          7030	2025-08-14 10:32:46	1	255	15	0
          7030	2025-08-14 10:32:49	1	255	15	0
          7012	2025-08-14 10:33:17	1	255	15	0
          7012	2025-08-14 10:33:20	1	255	15	0
          7004	2025-08-14 11:03:44	1	255	1	0
          7004	2025-08-14 11:04:09	1	255	1	0
          7006	2025-08-14 11:04:27	1	255	15	0
          7030	2025-08-14 14:06:00	1	255	15	0
          7009	2025-08-14 18:09:54	1	255	1	0
          7010	2025-08-14 18:43:23	1	255	1	0
          7015	2025-08-14 18:51:45	1	255	1	0
          7002	2025-08-14 18:58:16	1	255	1	0
          7031	2025-08-14 19:02:22	1	255	15	0
          7008	2025-08-14 19:03:24	1	255	1	0
          7004	2025-08-14 19:11:35	1	255	1	0
          7030	2025-08-16 09:19:21	1	255	15	0
          7003	2025-08-16 09:38:38	1	255	1	0
          7031	2025-08-16 10:10:22	1	255	1	0
          7012	2025-08-16 10:36:48	1	255	15	0
          7004	2025-08-16 10:37:21	1	255	1	0
          7030	2025-08-16 13:54:26	1	255	15	0
          7030	2025-08-16 13:54:29	1	255	15	0
          7004	2025-08-16 16:04:11	1	255	1	0
          7009	2025-08-16 16:04:13	1	255	1	0
          7012	2025-08-16 16:08:14	1	255	15	0
          7031	2025-08-16 16:48:56	1	255	15	0
          7031	2025-08-16 16:48:59	1	255	1	0
          7003	2025-08-16 16:54:25	1	255	1	0
          7008	2025-08-18 09:17:30	1	255	15	0
          7010	2025-08-18 09:21:29	1	255	1	0
          7009	2025-08-18 09:21:34	1	255	1	0
          7031	2025-08-18 10:04:54	1	255	15	0
          7015	2025-08-18 10:06:48	1	255	1	0
          7003	2025-08-18 10:11:13	1	255	1	0
          7006	2025-08-18 10:12:34	1	255	15	0
          7006	2025-08-18 10:12:36	1	255	15	0
          7002	2025-08-18 10:31:52	1	255	1	0
          7012	2025-08-18 10:37:50	1	255	15	0
          7004	2025-08-18 10:55:16	1	255	1	0
          7030	2025-08-18 10:59:04	1	255	15	0
          7030	2025-08-18 13:53:28	1	255	15	0
          7030	2025-08-18 13:53:31	1	255	15	0
          9999	2025-08-18 14:08:35	1	255	4	0
          7002	2025-08-18 18:08:11	1	255	1	0
          7010	2025-08-18 18:08:26	1	255	1	0
          7009	2025-08-18 18:08:36	1	255	1	0
          7006	2025-08-18 18:08:48	1	255	15	0
          7006	2025-08-18 18:08:51	1	255	15	0
          7004	2025-08-18 18:09:20	1	255	1	0
          7012	2025-08-18 18:09:26	1	255	15	0
          7015	2025-08-18 18:12:42	1	255	1	0
          7008	2025-08-18 18:25:39	1	255	1	0
          7008	2025-08-18 18:25:41	1	255	1	0
          7031	2025-08-18 18:31:45	1	255	15	0
          7030	2025-08-19 08:54:04	1	255	15	0
          7008	2025-08-19 09:25:48	1	255	1	0
          7010	2025-08-19 09:25:51	1	255	1	0
          7009	2025-08-19 09:26:01	1	255	1	0
          7031	2025-08-19 10:07:04	1	255	15	0
          7006	2025-08-19 10:15:04	1	255	15	0
          7002	2025-08-19 10:15:27	1	255	1	0
          7015	2025-08-19 10:18:54	1	255	1	0
          7003	2025-08-19 10:33:59	1	255	1	0
          7004	2025-08-19 10:34:54	1	255	1	0
          7012	2025-08-19 10:35:25	1	255	15	0
          7030	2025-08-19 12:56:54	1	255	15	0
          7030	2025-08-19 12:56:57	1	255	15	0
          7006	2025-08-19 16:54:45	1	255	15	0
          7006	2025-08-19 16:54:48	1	255	15	0
          7009	2025-08-19 18:11:41	1	255	1	0
          7010	2025-08-19 18:11:47	1	255	1	0
          7008	2025-08-19 18:17:05	1	255	1	0
          7002	2025-08-19 18:20:00	1	255	1	0
          7015	2025-08-19 18:20:47	1	255	1	0
          7012	2025-08-19 18:33:23	1	255	15	0
          7004	2025-08-19 18:33:29	1	255	1	0
          7003	2025-08-19 19:06:28	1	255	1	0
          7031	2025-08-19 19:09:31	1	255	15	0
          7008	2025-08-20 09:18:42	1	255	1	0
          7030	2025-08-20 09:23:07	1	255	15	0
          7009	2025-08-20 09:23:55	1	255	1	0
          7010	2025-08-20 09:24:10	1	255	1	0
          7012	2025-08-20 10:02:27	1	255	15	0
          7003	2025-08-20 10:04:35	1	255	1	0
          7015	2025-08-20 10:06:25	1	255	1	0
          7031	2025-08-20 10:10:44	1	255	15	0
          7006	2025-08-20 10:12:58	1	255	15	0
          7002	2025-08-20 10:21:52	1	255	1	0
          7004	2025-08-20 10:42:09	1	255	1	0
          7030	2025-08-20 12:27:35	1	255	15	0
          7002	2025-08-20 17:40:36	1	255	1	0
          7009	2025-08-20 18:09:42	1	255	1	0
          7009	2025-08-20 18:09:44	1	255	1	0
          7010	2025-08-20 18:09:48	1	255	1	0
          7015	2025-08-20 18:20:12	1	255	1	0
          7004	2025-08-20 18:20:18	1	255	1	0
          7012	2025-08-20 18:20:35	1	255	15	0
          7008	2025-08-20 19:00:14	1	255	15	0
          7008	2025-08-20 19:00:16	1	255	1	0
          7008	2025-08-20 19:00:18	1	255	1	0
          7031	2025-08-20 19:23:24	1	255	15	0
          7006	2025-08-20 19:23:34	1	255	15	0
          7006	2025-08-20 19:23:37	1	255	15	0
          7003	2025-08-20 19:30:59	1	255	1	0
          7010	2025-08-21 09:11:17	1	255	1	0
          7009	2025-08-21 09:11:19	1	255	1	0
          7008	2025-08-21 09:15:07	1	255	1	0
          7012	2025-08-21 09:44:12	1	255	15	0
          7031	2025-08-21 09:59:31	1	255	15	0
          7006	2025-08-21 10:10:37	1	255	15	0
          7006	2025-08-21 10:10:40	1	255	15	0
          7003	2025-08-21 10:34:07	1	255	1	0
          7015	2025-08-21 10:35:54	1	255	1	0
          7030	2025-08-21 11:24:25	1	255	15	0
          7030	2025-08-21 11:24:27	1	255	15	0
          7030	2025-08-21 12:58:47	1	255	15	0
          7006	2025-08-21 18:29:32	1	255	15	0
          7006	2025-08-21 18:30:43	1	255	15	0
          7009	2025-08-21 18:31:05	1	255	1	0
          7010	2025-08-21 18:31:08	1	255	1	0
          7012	2025-08-21 18:32:05	1	255	1	0
          7008	2025-08-21 18:32:09	1	255	1	0
          7015	2025-08-21 18:34:27	1	255	1	0
          7031	2025-08-21 19:26:02	1	255	15	0
          7010	2025-08-22 09:20:11	1	255	1	0
          7009	2025-08-22 09:20:28	1	255	1	0
          7008	2025-08-22 09:22:05	1	255	1	0
          7003	2025-08-22 10:01:29	1	255	1	0
          7012	2025-08-22 10:04:17	1	255	15	0
          7015	2025-08-22 10:04:32	1	255	1	0
          7031	2025-08-22 10:06:13	1	255	15	0
          7004	2025-08-22 10:32:06	1	255	1	0
          7030	2025-08-22 10:43:05	1	255	15	0
          7030	2025-08-22 10:43:08	1	255	15	0
          7002	2025-08-22 10:55:47	1	255	1	0
          7008	2025-08-22 13:42:08	1	255	1	0
          7030	2025-08-22 14:08:15	1	255	15	0
          7030	2025-08-22 14:08:18	1	255	15	0
          7006	2025-08-22 17:01:54	1	255	1	0
          7006	2025-08-22 17:02:14	1	255	1	0
          7006	2025-08-22 17:16:53	1	255	1	0
          7006	2025-08-22 17:25:44	1	255	1	0
          7002	2025-08-22 17:29:53	1	255	1	0
          7012	2025-08-22 19:01:14	1	255	15	0
          7009	2025-08-23 09:55:17	1	255	1	0
          7010	2025-08-23 09:55:25	1	255	1	0
          7012	2025-08-23 09:57:23	1	255	15	0
          7008	2025-08-23 10:16:42	1	255	1	0
          7015	2025-08-23 10:21:17	1	255	1	0
          7003	2025-08-23 10:24:23	1	255	1	0
          7002	2025-08-23 10:47:57	1	255	1	0
          7030	2025-08-23 11:10:23	1	255	15	0
          7030	2025-08-23 13:27:38	1	255	1	0
          7030	2025-08-23 13:27:40	1	255	15	0
          9999	2025-08-23 15:20:05	1	255	4	0
          9999	2025-08-23 15:20:07	1	255	4	0
          9999	2025-08-23 15:20:12	1	255	4	0
          9999	2025-08-23 15:20:14	1	255	4	0
          9999	2025-08-23 15:23:39	1	255	4	0
