          7008	2025-08-01 09:14:12	1	255	15	0
          7009	2025-08-01 09:14:20	1	255	1	0
          7010	2025-08-01 09:14:44	1	255	1	0
          7031	2025-08-01 09:52:02	1	255	15	0
          7007	2025-08-01 09:57:51	1	255	1	0
          7007	2025-08-01 09:57:52	1	255	1	0
          7030	2025-08-01 10:16:04	1	255	15	0
          7030	2025-08-01 10:17:59	1	255	15	0
          7030	2025-08-01 10:18:02	1	255	15	0
          7030	2025-08-01 10:19:05	1	255	15	0
          7030	2025-08-01 10:19:08	1	255	15	0
          7015	2025-08-01 10:19:11	1	255	1	0
          7003	2025-08-01 10:22:00	1	255	1	0
          7004	2025-08-01 10:27:43	1	255	15	0
          7004	2025-08-01 10:27:46	1	255	15	0
          7012	2025-08-01 10:28:06	1	255	15	0
          7002	2025-08-01 10:33:32	1	255	1	0
          7006	2025-08-01 11:07:59	1	255	15	0
          7006	2025-08-01 11:08:02	1	255	15	0
          7030	2025-08-01 13:23:33	1	255	15	0
          7030	2025-08-01 13:23:36	1	255	1	0
          7009	2025-08-01 16:37:20	1	255	1	0
          7008	2025-08-01 18:06:23	1	255	1	0
          7002	2025-08-01 18:06:34	1	255	1	0
          7015	2025-08-01 18:07:52	1	255	1	0
          7007	2025-08-01 18:17:12	1	255	1	0
          7004	2025-08-01 18:22:03	1	255	15	0
          7012	2025-08-01 18:22:15	1	255	15	0
          7003	2025-08-01 18:35:14	1	255	1	0
          7031	2025-08-01 18:54:15	1	255	15	0
          7031	2025-08-01 18:54:17	1	255	15	0
          7006	2025-08-01 18:54:21	1	255	15	0
          7006	2025-08-01 18:54:24	1	255	15	0
          7008	2025-08-02 09:34:10	1	255	15	0
          7009	2025-08-02 09:56:22	1	255	1	0
          7031	2025-08-02 10:08:17	1	255	15	0
          7002	2025-08-02 10:20:36	1	255	1	0
          7004	2025-08-02 10:22:14	1	255	15	0
          7012	2025-08-02 10:23:12	1	255	15	0
          7012	2025-08-02 10:23:14	1	255	15	0
          7015	2025-08-02 10:26:04	1	255	1	0
          7006	2025-08-02 10:32:51	1	255	15	0
          7030	2025-08-02 10:54:30	1	255	15	0
          7030	2025-08-02 10:54:40	1	255	1	0
          7030	2025-08-02 10:54:42	1	255	15	0
          7003	2025-08-02 11:14:49	1	255	1	0
          7007	2025-08-02 12:28:51	1	255	1	0
          7030	2025-08-02 13:56:27	1	255	15	0
          7030	2025-08-02 13:56:39	1	255	15	0
          7030	2025-08-02 13:56:41	1	255	15	0
          7008	2025-08-02 16:04:21	1	255	1	0
          7004	2025-08-02 16:10:52	1	255	1	0
          7012	2025-08-02 16:11:34	1	255	15	0
          7015	2025-08-02 16:16:28	1	255	1	0
          7002	2025-08-02 16:43:55	1	255	1	0
          7003	2025-08-02 17:33:14	1	255	1	0
          7006	2025-08-02 17:41:03	1	255	15	0
          7008	2025-08-04 09:12:51	1	255	1	0
          7009	2025-08-04 09:43:37	1	255	1	0
          7010	2025-08-04 09:43:47	1	255	1	0
          7031	2025-08-04 09:49:11	1	255	1	0
          7003	2025-08-04 10:07:45	1	255	1	0
          7004	2025-08-04 10:18:00	1	255	1	0
          7012	2025-08-04 10:18:34	1	255	15	0
          7030	2025-08-04 10:21:00	1	255	15	0
          7015	2025-08-04 10:28:04	1	255	1	0
          7006	2025-08-04 10:52:29	1	255	15	0
          7002	2025-08-04 11:18:00	1	255	1	0
          7030	2025-08-04 13:45:28	1	255	15	0
          7030	2025-08-04 13:45:37	1	255	15	0
          7030	2025-08-04 13:45:39	1	255	15	0
          7031	2025-08-04 18:48:41	1	255	1	0
          7008	2025-08-05 09:40:45	1	255	1	0
          7031	2025-08-05 10:04:46	1	255	15	0
          7003	2025-08-05 10:12:26	1	255	1	0
          7015	2025-08-05 10:20:15	1	255	1	0
          7004	2025-08-05 10:32:39	1	255	1	0
          7012	2025-08-05 10:33:16	1	255	15	0
          7012	2025-08-05 10:33:18	1	255	15	0
          7006	2025-08-05 10:43:12	1	255	15	0
          7002	2025-08-05 10:43:54	1	255	1	0
          7030	2025-08-05 11:19:55	1	255	1	0
          7030	2025-08-05 13:41:52	1	255	15	0
          7030	2025-08-05 13:41:55	1	255	1	0
          9999	2025-08-05 18:03:00	1	255	4	0
          9999	2025-08-05 18:03:02	1	255	4	0
          7008	2025-08-05 18:07:34	1	255	1	0
          7015	2025-08-05 18:08:29	1	255	1	0
          7004	2025-08-05 18:25:21	1	255	1	0
          7012	2025-08-05 18:25:33	1	255	15	0
          7009	2025-08-05 18:26:30	1	255	1	0
          7006	2025-08-05 18:27:53	1	255	15	0
          7002	2025-08-05 18:41:32	1	255	1	0
          7031	2025-08-05 20:00:44	1	255	1	0
          7030	2025-08-06 08:58:04	1	255	1	0
          7008	2025-08-06 09:14:37	1	255	1	0
          7008	2025-08-06 09:14:38	1	255	1	0
          7010	2025-08-06 09:28:36	1	255	1	0
          7009	2025-08-06 09:28:44	1	255	1	0
          7031	2025-08-06 09:56:14	1	255	15	0
          7003	2025-08-06 10:01:49	1	255	1	0
          7012	2025-08-06 10:15:24	1	255	15	0
          7006	2025-08-06 10:19:14	1	255	15	0
          7006	2025-08-06 10:19:16	1	255	15	0
          7015	2025-08-06 10:19:29	1	255	1	0
          7002	2025-08-06 10:21:40	1	255	1	0
          7004	2025-08-06 10:43:14	1	255	1	0
          7030	2025-08-06 13:54:42	1	255	15	0
          7030	2025-08-06 13:54:45	1	255	1	0
          7009	2025-08-06 18:00:23	1	255	1	0
          7004	2025-08-06 18:00:28	1	255	1	0
          7006	2025-08-06 18:14:18	1	255	15	0
          7012	2025-08-06 18:14:48	1	255	15	0
          7008	2025-08-06 18:19:30	1	255	1	0
          7015	2025-08-06 18:20:32	1	255	1	0
          7010	2025-08-06 18:22:54	1	255	1	0
          7002	2025-08-06 18:36:28	1	255	1	0
          7003	2025-08-06 20:14:32	1	255	1	0
          7031	2025-08-06 20:17:12	1	255	15	0
          7009	2025-08-07 09:09:24	1	255	1	0
          7010	2025-08-07 09:09:33	1	255	1	0
          7008	2025-08-07 09:12:13	1	255	15	0
          7008	2025-08-07 09:12:15	1	255	15	0
          7031	2025-08-07 09:40:16	1	255	15	0
          7031	2025-08-07 09:40:19	1	255	15	0
          7002	2025-08-07 09:45:18	1	255	1	0
          7015	2025-08-07 09:51:36	1	255	1	0
          7012	2025-08-07 10:00:00	1	255	15	0
          7003	2025-08-07 10:12:22	1	255	1	0
          7004	2025-08-07 10:21:17	1	255	1	0
          7006	2025-08-07 10:32:57	1	255	15	0
          7030	2025-08-07 10:40:55	1	255	15	0
          7030	2025-08-07 13:32:08	1	255	15	0
          7006	2025-08-07 18:10:08	1	255	15	0
          7008	2025-08-07 18:15:55	1	255	15	0
          7009	2025-08-07 18:17:41	1	255	1	0
          7004	2025-08-07 18:17:47	1	255	1	0
          7015	2025-08-07 18:17:52	1	255	1	0
          7010	2025-08-07 18:19:35	1	255	1	0
          7002	2025-08-07 18:23:56	1	255	1	0
          7012	2025-08-07 18:35:49	1	255	15	0
          7008	2025-08-08 09:14:12	1	255	15	0
          7008	2025-08-08 09:14:15	1	255	15	0
          7009	2025-08-08 09:25:56	1	255	1	0
          7010	2025-08-08 09:26:09	1	255	1	0
          7015	2025-08-08 09:53:09	1	255	1	0
          7002	2025-08-08 09:57:23	1	255	1	0
          7031	2025-08-08 10:08:48	1	255	15	0
          7031	2025-08-08 10:08:51	1	255	15	0
          7006	2025-08-08 10:38:31	1	255	15	0
          7006	2025-08-08 10:38:33	1	255	15	0
          7012	2025-08-08 10:47:12	1	255	15	0
          7004	2025-08-08 10:47:44	1	255	1	0
          7003	2025-08-08 10:50:32	1	255	1	0
          7030	2025-08-08 10:58:16	1	255	1	0
          7009	2025-08-08 18:12:41	1	255	1	0
          7010	2025-08-08 18:12:44	1	255	1	0
          7002	2025-08-08 18:17:49	1	255	1	0
          7015	2025-08-08 18:18:26	1	255	1	0
          7012	2025-08-08 18:21:04	1	255	15	0
          7008	2025-08-08 18:21:57	1	255	15	0
          7004	2025-08-08 18:23:04	1	255	15	0
          7004	2025-08-08 18:23:07	1	255	15	0
          7003	2025-08-08 18:33:52	1	255	1	0
          7031	2025-08-08 19:44:23	1	255	15	0
          7006	2025-08-08 19:44:35	1	255	15	0
          7030	2025-08-09 09:15:15	1	255	15	0
          7010	2025-08-09 09:37:13	1	255	1	0
          7009	2025-08-09 09:37:18	1	255	1	0
          7008	2025-08-09 09:54:18	1	255	15	0
          7006	2025-08-09 09:56:33	1	255	15	0
          7012	2025-08-09 10:13:09	1	255	15	0
          7015	2025-08-09 10:28:53	1	255	1	0
          7030	2025-08-09 14:06:35	1	255	1	0
          7006	2025-08-09 14:53:59	1	255	15	0
          7015	2025-08-09 16:18:47	1	255	1	0
          7010	2025-08-09 16:28:21	1	255	1	0
          7002	2025-08-09 17:17:24	1	255	1	0
          7030	2025-08-11 09:16:26	1	255	15	0
          7030	2025-08-11 09:16:28	1	255	1	0
          7009	2025-08-11 09:18:41	1	255	1	0
          7010	2025-08-11 09:18:49	1	255	1	0
          7008	2025-08-11 09:21:37	1	255	1	0
          7015	2025-08-11 09:32:05	1	255	1	0
          7031	2025-08-11 09:44:34	1	255	15	0
