          7010	2025-07-21 09:15:02	1	255	1	0
          7009	2025-07-21 09:15:24	1	255	15	0
          7009	2025-07-21 09:15:26	1	255	15	0
          7008	2025-07-21 09:55:37	1	255	15	0
          7015	2025-07-21 09:58:50	1	255	1	0
          7012	2025-07-21 10:19:30	1	255	15	0
          7002	2025-07-21 10:26:48	1	255	1	0
          7030	2025-07-21 10:27:27	1	255	15	0
          7007	2025-07-21 10:29:36	1	255	1	0
          7031	2025-07-21 10:32:17	1	255	15	0
          7004	2025-07-21 10:32:20	1	255	1	0
          7031	2025-07-21 10:32:30	1	255	1	0
          7006	2025-07-21 10:45:08	1	255	15	0
          7006	2025-07-21 10:45:11	1	255	15	0
          7004	2025-07-21 17:52:36	1	255	1	0
          7012	2025-07-21 17:53:11	1	255	15	0
          7009	2025-07-21 17:55:12	1	255	1	0
          7006	2025-07-21 17:55:19	1	255	15	0
          7015	2025-07-21 18:16:05	1	255	1	0
          7002	2025-07-21 18:17:01	1	255	1	0
          7010	2025-07-21 18:19:13	1	255	1	0
          7031	2025-07-21 18:43:07	1	255	15	0
          7031	2025-07-21 18:43:10	1	255	15	0
          7008	2025-07-22 09:28:29	1	255	1	0
          7009	2025-07-22 09:29:27	1	255	1	0
          7010	2025-07-22 09:29:30	1	255	1	0
          7031	2025-07-22 10:11:30	1	255	15	0
          7031	2025-07-22 10:11:32	1	255	1	0
          7015	2025-07-22 10:11:52	1	255	1	0
          7006	2025-07-22 10:15:03	1	255	15	0
          7002	2025-07-22 10:17:56	1	255	1	0
          7004	2025-07-22 10:21:14	1	255	15	0
          7007	2025-07-22 10:21:18	1	255	1	0
          7030	2025-07-22 10:32:24	1	255	15	0
          7003	2025-07-22 12:17:29	1	255	1	0
          7030	2025-07-22 14:06:41	1	255	15	0
          7030	2025-07-22 14:06:44	1	255	15	0
          7006	2025-07-22 17:19:02	1	255	15	0
          7002	2025-07-22 17:58:16	1	255	1	0
          7002	2025-07-22 17:58:18	1	255	1	0
          7009	2025-07-22 18:00:40	1	255	1	0
          7004	2025-07-22 18:00:58	1	255	15	0
          7004	2025-07-22 18:01:00	1	255	15	0
          7008	2025-07-22 18:01:37	1	255	1	0
          7010	2025-07-22 18:11:11	1	255	1	0
          7003	2025-07-22 18:17:32	1	255	1	0
          7007	2025-07-22 20:16:49	1	255	1	0
          7031	2025-07-22 20:17:34	1	255	15	0
          7003	2025-07-23 10:02:36	1	255	1	0
          7015	2025-07-23 10:16:05	1	255	1	0
          7002	2025-07-23 10:27:01	1	255	1	0
          7031	2025-07-23 10:28:05	1	255	15	0
          7012	2025-07-23 10:30:33	1	255	15	0
          7004	2025-07-23 10:39:43	1	255	15	0
          7007	2025-07-23 10:40:10	1	255	1	0
          7007	2025-07-23 10:40:12	1	255	15	0
          7030	2025-07-23 10:49:45	1	255	15	0
          7030	2025-07-23 10:49:48	1	255	15	0
          7030	2025-07-23 15:12:14	1	255	15	0
          7030	2025-07-23 15:12:16	1	255	15	0
          7012	2025-07-23 16:50:05	1	255	15	0
          7015	2025-07-23 18:07:38	1	255	1	0
          7003	2025-07-23 18:24:58	1	255	1	0
          7010	2025-07-23 18:25:04	1	255	1	0
          7008	2025-07-23 18:26:46	1	255	15	0
          7008	2025-07-23 18:26:48	1	255	1	0
          7031	2025-07-23 18:35:18	1	255	15	0
          7002	2025-07-23 18:50:21	1	255	1	0
          7008	2025-07-24 09:16:34	1	255	15	0
          7008	2025-07-24 09:16:36	1	255	15	0
          7010	2025-07-24 09:38:39	1	255	1	0
          7009	2025-07-24 09:38:44	1	255	1	0
          7003	2025-07-24 10:10:44	1	255	1	0
          7012	2025-07-24 10:11:09	1	255	15	0
          7031	2025-07-24 10:14:34	1	255	15	0
          7015	2025-07-24 10:26:24	1	255	1	0
          7007	2025-07-24 10:42:57	1	255	1	0
          7006	2025-07-24 10:44:48	1	255	15	0
          7030	2025-07-24 11:02:45	1	255	15	0
          7030	2025-07-24 14:04:14	1	255	15	0
          7030	2025-07-24 14:04:17	1	255	15	0
          7006	2025-07-24 18:03:58	1	255	15	0
          7009	2025-07-24 18:08:06	1	255	1	0
          7010	2025-07-24 18:08:08	1	255	1	0
          7015	2025-07-24 18:14:30	1	255	1	0
          7007	2025-07-24 18:14:53	1	255	1	0
          7004	2025-07-24 18:15:18	1	255	15	0
          7012	2025-07-24 18:15:34	1	255	15	0
          7008	2025-07-24 18:15:48	1	255	15	0
          7031	2025-07-24 18:50:23	1	255	15	0
          7008	2025-07-25 09:26:31	1	255	15	0
          7008	2025-07-25 09:26:33	1	255	15	0
          7010	2025-07-25 09:28:32	1	255	15	0
          7009	2025-07-25 09:34:54	1	255	1	0
          7015	2025-07-25 10:15:40	1	255	1	0
          7012	2025-07-25 10:16:21	1	255	15	0
          7007	2025-07-25 10:19:08	1	255	1	0
          7031	2025-07-25 10:22:03	1	255	15	0
          7002	2025-07-25 10:30:09	1	255	1	0
          7006	2025-07-25 10:30:16	1	255	15	0
          7004	2025-07-25 10:30:33	1	255	15	0
          7004	2025-07-25 10:30:36	1	255	15	0
          9999	2025-07-25 12:03:07	1	255	4	0
