          7010	2025-06-02 09:30:47	1	255	1	0
          7009	2025-06-02 09:30:55	1	255	1	0
          7060	2025-06-02 09:31:55	1	255	1	0
          7007	2025-06-02 09:51:02	1	255	1	0
          7002	2025-06-02 09:57:34	1	255	1	0
          7004	2025-06-02 10:19:33	1	255	1	0
          7006	2025-06-02 10:42:20	1	255	15	0
          7030	2025-06-02 11:15:55	1	255	15	0
          7030	2025-06-02 11:15:58	1	255	15	0
          7015	2025-06-02 11:53:15	1	255	1	0
          9999	2025-06-02 11:56:55	1	255	4	0
          9999	2025-06-02 11:56:57	1	255	4	0
          7007	2025-06-02 18:10:13	1	255	1	0
          7004	2025-06-02 18:10:20	1	255	15	0
          7004	2025-06-02 18:10:22	1	255	15	0
          7002	2025-06-02 18:19:39	1	255	1	0
          7060	2025-06-02 18:20:50	1	255	15	0
          7006	2025-06-02 18:21:09	1	255	15	0
          7006	2025-06-02 18:21:12	1	255	15	0
          7010	2025-06-02 18:21:15	1	255	15	0
          7010	2025-06-02 18:21:18	1	255	15	0
          7015	2025-06-02 18:32:27	1	255	1	0
          7002	2025-06-02 18:32:55	1	255	1	0
          7009	2025-06-03 09:23:55	1	255	1	0
          7010	2025-06-03 09:24:01	1	255	1	0
          7007	2025-06-03 09:26:58	1	255	1	0
          7060	2025-06-03 09:31:31	1	255	1	0
          7003	2025-06-03 09:46:10	1	255	1	0
          7002	2025-06-03 09:51:48	1	255	1	0
          7004	2025-06-03 09:53:41	1	255	1	0
          7031	2025-06-03 10:13:51	1	255	15	0
          7031	2025-06-03 10:13:54	1	255	15	0
          7012	2025-06-03 10:23:59	1	255	15	0
          7006	2025-06-03 10:40:11	1	255	15	0
          7006	2025-06-03 10:40:14	1	255	15	0
          7030	2025-06-03 10:48:41	1	255	15	0
          7030	2025-06-03 10:48:44	1	255	15	0
          7030	2025-06-03 17:37:44	1	255	15	0
          7009	2025-06-03 17:59:31	1	255	1	0
          7004	2025-06-03 17:59:33	1	255	1	0
          7012	2025-06-03 17:59:44	1	255	15	0
          7005	2025-06-03 17:59:50	1	255	1	0
          7060	2025-06-03 18:14:13	1	255	1	0
          7010	2025-06-03 18:20:11	1	255	1	0
          7002	2025-06-03 18:27:17	1	255	1	0
          7031	2025-06-03 19:56:35	1	255	15	0
          7031	2025-06-03 19:56:38	1	255	15	0
          7006	2025-06-03 19:58:31	1	255	15	0
          7006	2025-06-03 19:58:33	1	255	15	0
          7009	2025-06-04 09:14:10	1	255	1	0
          7010	2025-06-04 09:14:54	1	255	1	0
          7060	2025-06-04 09:32:09	1	255	1	0
          7003	2025-06-04 10:07:52	1	255	1	0
          7006	2025-06-04 10:10:10	1	255	15	0
          7015	2025-06-04 10:10:40	1	255	1	0
          7002	2025-06-04 10:11:02	1	255	1	0
          7031	2025-06-04 10:12:23	1	255	15	0
          7031	2025-06-04 10:12:25	1	255	15	0
          7012	2025-06-04 10:20:05	1	255	15	0
          7012	2025-06-04 10:20:08	1	255	15	0
          7004	2025-06-04 10:26:01	1	255	1	0
          7030	2025-06-04 10:43:01	1	255	15	0
          7005	2025-06-04 11:03:17	1	255	1	0
          7004	2025-06-04 18:00:03	1	255	1	0
          7005	2025-06-04 18:06:50	1	255	1	0
          7009	2025-06-04 18:06:54	1	255	1	0
          7012	2025-06-04 18:09:12	1	255	15	0
          7002	2025-06-04 18:22:47	1	255	1	0
          7015	2025-06-04 18:25:03	1	255	1	0
          7060	2025-06-04 18:34:35	1	255	1	0
          7010	2025-06-04 18:36:16	1	255	1	0
          7031	2025-06-04 19:19:31	1	255	15	0
          7031	2025-06-04 19:19:34	1	255	15	0
          7006	2025-06-04 19:19:40	1	255	15	0
          7003	2025-06-04 19:19:55	1	255	1	0
          7007	2025-06-05 09:08:43	1	255	1	0
          7009	2025-06-05 09:24:27	1	255	1	0
          7010	2025-06-05 09:24:31	1	255	1	0
          7060	2025-06-05 09:38:19	1	255	1	0
          7003	2025-06-05 10:00:41	1	255	1	0
          7003	2025-06-05 10:00:43	1	255	1	0
          7006	2025-06-05 10:08:34	1	255	15	0
          7031	2025-06-05 10:12:28	1	255	15	0
          7015	2025-06-05 10:25:00	1	255	1	0
          7012	2025-06-05 10:25:36	1	255	15	0
          7012	2025-06-05 10:25:39	1	255	15	0
          7002	2025-06-05 10:28:16	1	255	1	0
          7030	2025-06-05 11:10:11	1	255	15	0
          9999	2025-06-05 15:51:54	1	255	4	0
          7015	2025-06-05 18:07:51	1	255	1	0
          7012	2025-06-05 18:08:13	1	255	15	0
          7006	2025-06-05 18:08:49	1	255	15	0
          7003	2025-06-05 18:27:20	1	255	1	0
          7009	2025-06-05 18:28:43	1	255	1	0
          7010	2025-06-05 18:28:48	1	255	1	0
          7031	2025-06-05 18:32:32	1	255	15	0
          7002	2025-06-05 18:49:45	1	255	1	0
          7060	2025-06-05 19:01:58	1	255	1	0
          7007	2025-06-06 08:37:10	1	255	1	0
          7009	2025-06-06 09:12:19	1	255	1	0
          7010	2025-06-06 09:12:25	1	255	1	0
          7060	2025-06-06 09:26:11	1	255	1	0
          7004	2025-06-06 10:04:37	1	255	1	0
          7015	2025-06-06 10:10:38	1	255	1	0
          7012	2025-06-06 10:14:22	1	255	15	0
          7002	2025-06-06 10:15:42	1	255	1	0
          7006	2025-06-06 11:01:13	1	255	15	0
          7006	2025-06-06 11:01:15	1	255	15	0
          7030	2025-06-06 11:45:42	1	255	15	0
          7009	2025-06-06 18:04:56	1	255	1	0
          7007	2025-06-06 18:05:01	1	255	1	0
          7012	2025-06-06 18:15:52	1	255	1	0
          7015	2025-06-06 18:15:59	1	255	1	0
          7004	2025-06-06 18:18:46	1	255	1	0
          7060	2025-06-06 18:26:07	1	255	1	0
          7010	2025-06-06 18:42:27	1	255	1	0
          7006	2025-06-06 18:42:49	1	255	15	0
          7006	2025-06-06 18:42:52	1	255	15	0
          7002	2025-06-06 20:02:55	1	255	1	0
          7010	2025-06-07 09:19:45	1	255	1	0
          7009	2025-06-07 09:19:47	1	255	1	0
          7060	2025-06-07 09:26:08	1	255	1	0
          7002	2025-06-07 10:23:23	1	255	1	0
          7015	2025-06-07 10:31:13	1	255	1	0
          7006	2025-06-07 10:34:28	1	255	15	0
          7030	2025-06-07 10:48:19	1	255	15	0
          7030	2025-06-07 10:48:21	1	255	15	0
          7012	2025-06-07 11:33:53	1	255	15	0
          7012	2025-06-07 11:33:56	1	255	15	0
          7004	2025-06-07 11:35:28	1	255	1	0
          7009	2025-06-07 16:03:30	1	255	1	0
          7007	2025-06-07 16:03:32	1	255	1	0
          7010	2025-06-07 16:03:35	1	255	1	0
          7006	2025-06-07 16:06:29	1	255	15	0
          7006	2025-06-07 16:06:32	1	255	15	0
          7031	2025-06-07 16:06:36	1	255	15	0
          7031	2025-06-07 16:06:39	1	255	15	0
          7002	2025-06-07 16:18:34	1	255	1	0
          7015	2025-06-07 16:31:17	1	255	1	0
          7060	2025-06-07 17:01:03	1	255	1	0
          7004	2025-06-07 17:01:08	1	255	1	0
          7012	2025-06-07 17:01:22	1	255	15	0
          7060	2025-06-09 09:33:19	1	255	1	0
          7009	2025-06-09 09:34:03	1	255	1	0
          7010	2025-06-09 09:34:12	1	255	1	0
          7007	2025-06-09 10:06:05	1	255	1	0
          7002	2025-06-09 10:21:54	1	255	1	0
          7006	2025-06-09 10:23:53	1	255	15	0
          7003	2025-06-09 10:30:20	1	255	1	0
          7004	2025-06-09 10:34:30	1	255	1	0
          7030	2025-06-09 10:48:53	1	255	15	0
          7030	2025-06-09 10:48:55	1	255	15	0
          7015	2025-06-09 11:15:15	1	255	1	0
          7009	2025-06-09 17:50:06	1	255	1	0
          7004	2025-06-09 17:51:54	1	255	1	0
          7060	2025-06-09 18:05:00	1	255	1	0
          7015	2025-06-09 18:09:49	1	255	1	0
          7010	2025-06-09 18:12:05	1	255	1	0
          7007	2025-06-09 18:22:24	1	255	1	0
          7006	2025-06-09 18:23:22	1	255	15	0
          7031	2025-06-09 18:24:03	1	255	15	0
          7002	2025-06-09 18:26:10	1	255	1	0
          7060	2025-06-10 09:33:10	1	255	1	0
          7010	2025-06-10 09:33:44	1	255	1	0
          7007	2025-06-10 09:46:55	1	255	1	0
          7003	2025-06-10 10:12:15	1	255	1	0
          7004	2025-06-10 10:16:15	1	255	1	0
          7009	2025-06-10 10:16:24	1	255	1	0
          7031	2025-06-10 10:17:01	1	255	15	0
          7002	2025-06-10 10:17:14	1	255	1	0
          7006	2025-06-10 10:40:44	1	255	15	0
          7015	2025-06-10 11:06:57	1	255	1	0
          7030	2025-06-10 14:11:25	1	255	15	0
          7030	2025-06-10 14:11:28	1	255	15	0
          7010	2025-06-10 18:18:24	1	255	1	0
          7015	2025-06-10 18:18:38	1	255	1	0
          7007	2025-06-10 18:18:40	1	255	1	0
          7009	2025-06-10 18:18:42	1	255	1	0
          7015	2025-06-10 18:21:17	1	255	1	0
          7003	2025-06-10 18:21:54	1	255	1	0
          7006	2025-06-10 18:22:43	1	255	15	0
          7006	2025-06-10 18:22:46	1	255	15	0
          7031	2025-06-10 18:22:51	1	255	15	0
          7002	2025-06-10 18:24:39	1	255	1	0
          7004	2025-06-10 22:02:13	1	255	1	0
          7010	2025-06-11 09:29:20	1	255	1	0
          7009	2025-06-11 09:29:29	1	255	1	0
          7002	2025-06-11 09:42:54	1	255	1	0
          7060	2025-06-11 09:43:17	1	255	1	0
          7031	2025-06-11 09:44:06	1	255	15	0
          7031	2025-06-11 09:44:09	1	255	15	0
          7003	2025-06-11 09:58:45	1	255	1	0
          7007	2025-06-11 10:00:22	1	255	1	0
          7004	2025-06-11 10:44:47	1	255	1	0
          7012	2025-06-11 10:45:31	1	255	15	0
          7012	2025-06-11 10:45:33	1	255	15	0
          7030	2025-06-11 10:53:03	1	255	15	0
          7030	2025-06-11 10:53:06	1	255	15	0
          7006	2025-06-11 11:08:54	1	255	15	0
          7012	2025-06-11 15:04:36	1	255	1	0
          7004	2025-06-11 17:50:05	1	255	1	0
          7009	2025-06-11 17:50:08	1	255	1	0
          7002	2025-06-11 17:57:22	1	255	1	0
          7060	2025-06-11 18:02:30	1	255	1	0
          7010	2025-06-11 18:03:53	1	255	1	0
          7031	2025-06-11 18:59:50	1	255	15	0
          7007	2025-06-11 18:59:55	1	255	1	0
          7003	2025-06-11 19:28:34	1	255	1	0
          7009	2025-06-12 09:27:06	1	255	1	0
          7010	2025-06-12 09:27:10	1	255	15	0
          7060	2025-06-12 09:28:03	1	255	1	0
          7007	2025-06-12 09:43:18	1	255	1	0
          7002	2025-06-12 09:47:13	1	255	1	0
          7031	2025-06-12 10:04:45	1	255	15	0
          7004	2025-06-12 10:09:16	1	255	1	0
          7006	2025-06-12 10:17:51	1	255	15	0
          7012	2025-06-12 10:21:27	1	255	15	0
          7012	2025-06-12 10:21:29	1	255	15	0
          7003	2025-06-12 10:41:04	1	255	1	0
          7030	2025-06-12 10:52:03	1	255	15	0
          7030	2025-06-12 10:52:05	1	255	15	0
          7030	2025-06-12 12:58:25	1	255	15	0
          7006	2025-06-12 17:45:58	1	255	15	0
          7002	2025-06-12 17:58:37	1	255	1	0
          7012	2025-06-12 18:02:14	1	255	15	0
          7007	2025-06-12 18:02:22	1	255	1	0
          7004	2025-06-12 18:02:53	1	255	1	0
          7009	2025-06-12 18:03:02	1	255	1	0
          7010	2025-06-12 18:04:07	1	255	1	0
          7060	2025-06-12 18:33:39	1	255	1	0
          7031	2025-06-12 18:51:57	1	255	15	0
          7031	2025-06-12 18:52:00	1	255	15	0
          7007	2025-06-13 08:30:19	1	255	1	0
          7030	2025-06-13 08:45:26	1	255	15	0
          7009	2025-06-13 09:07:57	1	255	1	0
          7060	2025-06-13 09:27:39	1	255	1	0
          7003	2025-06-13 09:50:59	1	255	1	0
          7031	2025-06-13 09:52:48	1	255	15	0
          7012	2025-06-13 09:53:11	1	255	15	0
          7015	2025-06-13 10:06:26	1	255	1	0
          7015	2025-06-13 10:06:28	1	255	1	0
          7002	2025-06-13 10:13:05	1	255	1	0
          7002	2025-06-13 10:13:06	1	255	1	0
          7004	2025-06-13 10:22:51	1	255	1	0
          7006	2025-06-13 10:33:00	1	255	15	0
          7002	2025-06-13 17:56:27	1	255	1	0
          7012	2025-06-13 18:11:14	1	255	15	0
          7004	2025-06-13 18:11:17	1	255	1	0
          7015	2025-06-13 18:14:52	1	255	1	0
          7060	2025-06-13 18:21:16	1	255	1	0
          7007	2025-06-13 18:52:55	1	255	1	0
          7031	2025-06-13 19:23:59	1	255	15	0
          7031	2025-06-13 19:24:02	1	255	15	0
          7006	2025-06-13 19:24:29	1	255	15	0
          7006	2025-06-13 19:24:32	1	255	15	0
          7009	2025-06-13 20:58:16	1	255	1	0
          7007	2025-06-14 08:33:23	1	255	1	0
          7031	2025-06-14 09:57:43	1	255	15	0
          7031	2025-06-14 09:57:45	1	255	15	0
          7012	2025-06-14 10:09:07	1	255	15	0
          7015	2025-06-14 10:13:05	1	255	1	0
          7002	2025-06-14 10:27:06	1	255	1	0
          7004	2025-06-14 10:34:46	1	255	1	0
          7004	2025-06-14 10:34:48	1	255	1	0
          7030	2025-06-14 10:54:06	1	255	15	0
          7009	2025-06-14 16:00:27	1	255	1	0
          7004	2025-06-14 16:00:31	1	255	1	0
          7015	2025-06-14 16:05:27	1	255	1	0
          7012	2025-06-14 16:08:56	1	255	1	0
          7002	2025-06-14 16:24:33	1	255	1	0
          7031	2025-06-14 16:28:06	1	255	15	0
          7031	2025-06-14 16:28:09	1	255	15	0
          7009	2025-06-16 09:15:48	1	255	1	0
          7010	2025-06-16 09:15:58	1	255	1	0
          7060	2025-06-16 09:36:40	1	255	1	0
          7002	2025-06-16 09:55:05	1	255	1	0
          7002	2025-06-16 09:55:07	1	255	1	0
          7002	2025-06-16 09:55:09	1	255	1	0
          7031	2025-06-16 09:57:33	1	255	15	0
          7031	2025-06-16 09:57:35	1	255	15	0
          7006	2025-06-16 10:01:32	1	255	15	0
          7006	2025-06-16 10:01:34	1	255	15	0
          7015	2025-06-16 10:03:31	1	255	1	0
          7004	2025-06-16 10:13:55	1	255	1	0
          7012	2025-06-16 10:14:15	1	255	15	0
          7030	2025-06-16 10:46:44	1	255	15	0
          7030	2025-06-16 10:46:47	1	255	15	0
          7010	2025-06-16 18:24:10	1	255	1	0
          7015	2025-06-16 18:25:37	1	255	1	0
          7009	2025-06-16 18:25:42	1	255	1	0
          7012	2025-06-16 18:31:23	1	255	15	0
          7004	2025-06-16 18:31:26	1	255	1	0
          7006	2025-06-16 19:26:26	1	255	15	0
          7031	2025-06-16 19:26:54	1	255	15	0
          7031	2025-06-16 19:26:56	1	255	15	0
          7009	2025-06-17 09:14:18	1	255	1	0
          7010	2025-06-17 09:14:27	1	255	1	0
          7060	2025-06-17 09:30:38	1	255	1	0
          7007	2025-06-17 09:50:45	1	255	1	0
          7012	2025-06-17 09:51:22	1	255	15	0
          7015	2025-06-17 10:05:38	1	255	1	0
          7006	2025-06-17 10:07:15	1	255	15	0
          7006	2025-06-17 10:07:17	1	255	15	0
          7031	2025-06-17 10:07:28	1	255	15	0
          7004	2025-06-17 10:27:36	1	255	1	0
          7002	2025-06-17 10:33:34	1	255	1	0
          7030	2025-06-17 10:40:36	1	255	15	0
          7009	2025-06-17 18:02:48	1	255	1	0
          7012	2025-06-17 18:04:18	1	255	1	0
          7004	2025-06-17 18:04:21	1	255	1	0
          7015	2025-06-17 18:05:04	1	255	1	0
          7010	2025-06-17 18:07:32	1	255	15	0
          7060	2025-06-17 18:09:15	1	255	1	0
          7006	2025-06-17 18:23:26	1	255	15	0
          7007	2025-06-17 18:23:36	1	255	1	0
          7031	2025-06-17 18:23:42	1	255	15	0
          7009	2025-06-18 09:05:00	1	255	1	0
          7010	2025-06-18 09:08:20	1	255	1	0
          7060	2025-06-18 09:16:36	1	255	1	0
          7060	2025-06-18 09:16:38	1	255	1	0
          7007	2025-06-18 09:42:59	1	255	1	0
          7004	2025-06-18 10:07:40	1	255	1	0
          7006	2025-06-18 10:07:57	1	255	15	0
          7031	2025-06-18 10:08:03	1	255	15	0
          7012	2025-06-18 10:08:30	1	255	15	0
          7003	2025-06-18 10:13:34	1	255	1	0
          7030	2025-06-18 10:39:51	1	255	15	0
          7002	2025-06-18 10:41:23	1	255	1	0
          7006	2025-06-18 17:11:26	1	255	15	0
          7031	2025-06-18 18:43:03	1	255	15	0
          7003	2025-06-18 19:04:34	1	255	1	0
          7003	2025-06-19 09:24:03	1	255	1	0
          7009	2025-06-19 09:24:08	1	255	1	0
          7010	2025-06-19 09:24:12	1	255	1	0
          7060	2025-06-19 09:31:09	1	255	1	0
          7004	2025-06-19 10:05:08	1	255	1	0
          7007	2025-06-19 10:05:12	1	255	1	0
          7012	2025-06-19 10:09:44	1	255	15	0
          7006	2025-06-19 10:14:38	1	255	15	0
          7006	2025-06-19 10:14:40	1	255	15	0
          7031	2025-06-19 10:14:49	1	255	15	0
          7031	2025-06-19 10:14:52	1	255	15	0
          7002	2025-06-19 10:15:45	1	255	1	0
          7015	2025-06-19 10:28:28	1	255	1	0
          7030	2025-06-19 10:38:36	1	255	15	0
          7012	2025-06-19 18:03:38	1	255	1	0
          7007	2025-06-19 18:04:32	1	255	1	0
          7004	2025-06-19 18:04:35	1	255	1	0
          7060	2025-06-19 18:06:49	1	255	1	0
          7010	2025-06-19 18:08:02	1	255	1	0
          7009	2025-06-19 18:08:06	1	255	1	0
          7002	2025-06-19 18:12:30	1	255	1	0
          7015	2025-06-19 18:18:43	1	255	1	0
          7015	2025-06-19 18:21:00	1	255	1	0
          7003	2025-06-19 18:38:47	1	255	1	0
          7006	2025-06-19 18:50:54	1	255	15	0
          7031	2025-06-19 18:51:03	1	255	15	0
          7010	2025-06-20 09:26:20	1	255	1	0
          7009	2025-06-20 09:26:25	1	255	1	0
          7060	2025-06-20 09:32:40	1	255	1	0
          7003	2025-06-20 09:38:13	1	255	1	0
          7006	2025-06-20 09:55:16	1	255	15	0
          7031	2025-06-20 09:55:33	1	255	15	0
          7015	2025-06-20 10:12:54	1	255	1	0
          7004	2025-06-20 10:14:50	1	255	1	0
          7007	2025-06-20 10:15:00	1	255	1	0
          7012	2025-06-20 10:16:36	1	255	15	0
          7012	2025-06-20 10:16:38	1	255	15	0
          7002	2025-06-20 10:25:42	1	255	1	0
          7030	2025-06-20 11:08:00	1	255	15	0
          7007	2025-06-20 15:22:33	1	255	1	0
          7012	2025-06-20 18:10:33	1	255	1	0
          7004	2025-06-20 18:10:36	1	255	1	0
          7002	2025-06-20 18:13:50	1	255	1	0
          7015	2025-06-20 18:15:45	1	255	1	0
          7060	2025-06-20 18:17:37	1	255	1	0
          7060	2025-06-20 18:17:38	1	255	1	0
          7006	2025-06-20 18:27:28	1	255	15	0
          7010	2025-06-20 18:32:12	1	255	1	0
          7060	2025-06-21 09:26:10	1	255	1	0
          7010	2025-06-21 09:30:14	1	255	1	0
          7009	2025-06-21 09:30:18	1	255	1	0
          7003	2025-06-21 09:55:39	1	255	1	0
          7006	2025-06-21 10:06:57	1	255	15	0
          7031	2025-06-21 10:07:21	1	255	15	0
          7015	2025-06-21 10:10:25	1	255	1	0
          7004	2025-06-21 10:15:16	1	255	1	0
          7012	2025-06-21 10:15:27	1	255	1	0
          7002	2025-06-21 10:26:25	1	255	1	0
          7030	2025-06-21 10:57:00	1	255	15	0
          7030	2025-06-21 10:57:02	1	255	15	0
          7012	2025-06-21 14:18:24	1	255	15	0
          7002	2025-06-21 16:02:20	1	255	1	0
          7004	2025-06-21 16:08:52	1	255	1	0
          7009	2025-06-21 16:08:57	1	255	1	0
          7015	2025-06-21 16:10:06	1	255	1	0
          7060	2025-06-21 16:20:50	1	255	1	0
          7031	2025-06-21 17:18:13	1	255	15	0
          7031	2025-06-21 17:18:16	1	255	15	0
          7010	2025-06-21 17:19:51	1	255	1	0
          7010	2025-06-23 09:21:41	1	255	1	0
          7009	2025-06-23 09:21:56	1	255	1	0
          7060	2025-06-23 09:39:07	1	255	1	0
          7006	2025-06-23 10:06:19	1	255	15	0
          7006	2025-06-23 10:06:22	1	255	15	0
          7031	2025-06-23 10:06:42	1	255	15	0
          7004	2025-06-23 10:21:39	1	255	1	0
          7012	2025-06-23 10:21:54	1	255	15	0
          7015	2025-06-23 10:21:58	1	255	1	0
          7002	2025-06-23 10:24:25	1	255	1	0
          7003	2025-06-23 10:45:14	1	255	1	0
          7030	2025-06-23 10:48:02	1	255	15	0
          7012	2025-06-23 14:50:42	1	255	15	0
          7009	2025-06-23 18:11:13	1	255	1	0
          7004	2025-06-23 18:11:21	1	255	1	0
          7009	2025-06-23 18:11:24	1	255	1	0
          7060	2025-06-23 18:11:31	1	255	1	0
          7015	2025-06-23 18:22:54	1	255	1	0
          7002	2025-06-23 18:26:23	1	255	1	0
          7002	2025-06-23 18:26:25	1	255	1	0
          7003	2025-06-23 18:28:42	1	255	1	0
          7006	2025-06-23 18:39:44	1	255	15	0
          7031	2025-06-23 18:39:51	1	255	15	0
          7060	2025-06-24 09:31:33	1	255	1	0
          7010	2025-06-24 09:36:33	1	255	1	0
          7003	2025-06-24 09:37:53	1	255	1	0
          7015	2025-06-24 09:55:31	1	255	1	0
          7015	2025-06-24 09:56:28	1	255	1	0
          7009	2025-06-24 09:56:43	1	255	1	0
          7031	2025-06-24 10:01:50	1	255	15	0
          7031	2025-06-24 10:01:53	1	255	15	0
          7012	2025-06-24 10:15:16	1	255	15	0
          7006	2025-06-24 10:15:38	1	255	15	0
          7006	2025-06-24 10:15:41	1	255	15	0
          7004	2025-06-24 10:20:01	1	255	1	0
          7007	2025-06-24 10:20:06	1	255	1	0
          7002	2025-06-24 10:20:24	1	255	1	0
          7030	2025-06-24 11:06:12	1	255	15	0
          7004	2025-06-24 17:57:29	1	255	1	0
          7009	2025-06-24 17:57:33	1	255	1	0
          7060	2025-06-24 17:58:17	1	255	1	0
          7010	2025-06-24 18:06:15	1	255	1	0
          7015	2025-06-24 18:16:57	1	255	1	0
          7012	2025-06-24 18:17:12	1	255	15	0
          7006	2025-06-24 18:30:34	1	255	15	0
          7006	2025-06-24 18:30:37	1	255	15	0
          7007	2025-06-24 18:31:15	1	255	1	0
          7003	2025-06-24 18:34:45	1	255	1	0
          7031	2025-06-24 18:44:06	1	255	15	0
          7009	2025-06-25 09:14:40	1	255	1	0
          7010	2025-06-25 09:14:47	1	255	1	0
          7003	2025-06-25 09:18:17	1	255	1	0
          7060	2025-06-25 09:28:15	1	255	1	0
          7031	2025-06-25 10:01:17	1	255	15	0
          7004	2025-06-25 10:01:23	1	255	1	0
          7007	2025-06-25 10:01:27	1	255	1	0
          7015	2025-06-25 10:10:05	1	255	1	0
          7002	2025-06-25 10:12:44	1	255	1	0
          7012	2025-06-25 10:13:44	1	255	15	0
          7030	2025-06-25 10:41:41	1	255	15	0
          7006	2025-06-25 10:47:16	1	255	15	0
          7007	2025-06-25 18:13:20	1	255	1	0
          7006	2025-06-25 18:14:25	1	255	15	0
          7010	2025-06-25 18:14:33	1	255	1	0
          7004	2025-06-25 18:14:45	1	255	1	0
          7009	2025-06-25 18:15:02	1	255	1	0
          7060	2025-06-25 18:15:49	1	255	1	0
          7060	2025-06-25 18:15:51	1	255	1	0
          7002	2025-06-25 18:38:58	1	255	1	0
          7003	2025-06-25 18:39:18	1	255	1	0
          7015	2025-06-25 19:07:31	1	255	1	0
          7012	2025-06-25 19:26:10	1	255	15	0
          7031	2025-06-25 19:26:26	1	255	15	0
          7060	2025-06-26 09:29:06	1	255	1	0
          7010	2025-06-26 09:32:52	1	255	1	0
          7004	2025-06-26 10:04:45	1	255	1	0
          7007	2025-06-26 10:05:14	1	255	1	0
          7015	2025-06-26 10:12:10	1	255	1	0
          7006	2025-06-26 10:17:45	1	255	15	0
          7031	2025-06-26 10:17:59	1	255	15	0
          7003	2025-06-26 10:21:41	1	255	1	0
          7002	2025-06-26 10:31:50	1	255	1	0
          7012	2025-06-26 10:34:56	1	255	15	0
          7030	2025-06-26 10:42:11	1	255	15	0
          7004	2025-06-26 18:12:54	1	255	1	0
          7012	2025-06-26 18:13:26	1	255	15	0
          7060	2025-06-26 18:13:32	1	255	1	0
          7015	2025-06-26 18:13:46	1	255	1	0
          7002	2025-06-26 18:22:40	1	255	1	0
          7010	2025-06-26 18:35:45	1	255	1	0
          7031	2025-06-26 18:38:09	1	255	15	0
          7031	2025-06-26 18:38:12	1	255	15	0
          7006	2025-06-26 18:38:16	1	255	15	0
          7006	2025-06-26 18:38:19	1	255	15	0
          7003	2025-06-26 19:10:36	1	255	1	0
          7009	2025-06-27 09:12:23	1	255	1	0
          7010	2025-06-27 09:12:28	1	255	1	0
          7009	2025-06-27 09:13:36	1	255	1	0
          7060	2025-06-27 09:26:28	1	255	1	0
          7003	2025-06-27 09:44:04	1	255	1	0
          7004	2025-06-27 10:11:03	1	255	1	0
          7007	2025-06-27 10:11:12	1	255	1	0
          7012	2025-06-27 10:12:19	1	255	15	0
          7015	2025-06-27 10:14:04	1	255	1	0
          7006	2025-06-27 10:20:27	1	255	15	0
          7031	2025-06-27 10:21:00	1	255	15	0
          7002	2025-06-27 10:47:20	1	255	1	0
          7012	2025-06-27 18:15:38	1	255	15	0
          7004	2025-06-27 18:17:17	1	255	1	0
          7060	2025-06-27 18:17:21	1	255	1	0
          7010	2025-06-27 18:17:40	1	255	1	0
          7002	2025-06-27 18:46:43	1	255	1	0
          7006	2025-06-27 19:07:14	1	255	15	0
          7003	2025-06-27 19:24:04	1	255	1	0
          7060	2025-06-28 09:30:02	1	255	1	0
          7010	2025-06-28 09:43:36	1	255	1	0
          7009	2025-06-28 09:43:39	1	255	1	0
          7015	2025-06-28 10:03:01	1	255	1	0
          7002	2025-06-28 10:04:38	1	255	1	0
          7031	2025-06-28 10:07:25	1	255	15	0
          7004	2025-06-28 10:10:12	1	255	1	0
          7007	2025-06-28 10:10:14	1	255	1	0
          7006	2025-06-28 10:17:39	1	255	15	0
          7006	2025-06-28 10:17:42	1	255	15	0
          7012	2025-06-28 10:18:09	1	255	15	0
          7012	2025-06-28 16:04:54	1	255	15	0
          7010	2025-06-28 16:11:59	1	255	1	0
          7009	2025-06-28 16:12:03	1	255	1	0
          7015	2025-06-28 16:12:21	1	255	1	0
          7007	2025-06-28 16:13:12	1	255	1	0
          7004	2025-06-28 16:13:14	1	255	1	0
          7060	2025-06-28 16:13:18	1	255	1	0
          7002	2025-06-28 16:40:49	1	255	1	0
          7006	2025-06-28 16:52:53	1	255	15	0
          7031	2025-06-28 16:53:01	1	255	15	0
          7009	2025-06-30 09:18:18	1	255	1	0
          7010	2025-06-30 09:18:26	1	255	1	0
          7060	2025-06-30 09:32:22	1	255	1	0
          7006	2025-06-30 09:36:08	1	255	15	0
          7006	2025-06-30 09:36:11	1	255	15	0
          7003	2025-06-30 09:51:02	1	255	1	0
          7031	2025-06-30 09:58:03	1	255	15	0
          7004	2025-06-30 10:16:07	1	255	1	0
          7007	2025-06-30 10:16:11	1	255	1	0
          7015	2025-06-30 10:23:41	1	255	1	0
          7002	2025-06-30 10:24:35	1	255	1	0
          7012	2025-06-30 10:29:37	1	255	15	0
          7012	2025-06-30 18:04:36	1	255	15	0
          7004	2025-06-30 18:14:55	1	255	1	0
          7060	2025-06-30 18:15:01	1	255	1	0
          7060	2025-06-30 18:15:03	1	255	1	0
          7009	2025-06-30 18:16:31	1	255	1	0
          7015	2025-06-30 18:17:19	1	255	1	0
          7010	2025-06-30 18:36:00	1	255	1	0
          7031	2025-06-30 18:41:19	1	255	15	0
          7003	2025-06-30 18:41:30	1	255	1	0
          7002	2025-06-30 18:50:30	1	255	1	0
          7007	2025-06-30 19:02:22	1	255	1	0
          7006	2025-06-30 19:02:44	1	255	15	0
