          7010	2025-04-01 09:05:19	1	255	1	0
          7009	2025-04-01 09:05:32	1	255	1	0
          7018	2025-04-01 09:38:24	1	255	15	0
          7018	2025-04-01 09:38:27	1	255	15	0
          7003	2025-04-01 09:54:51	1	255	1	0
          7012	2025-04-01 10:05:17	1	255	15	0
          7031	2025-04-01 10:07:32	1	255	15	0
          7031	2025-04-01 10:07:34	1	255	15	0
          7005	2025-04-01 10:16:03	1	255	1	0
          7007	2025-04-01 10:16:08	1	255	1	0
          7004	2025-04-01 10:16:10	1	255	1	0
          7004	2025-04-01 10:16:12	1	255	1	0
          7002	2025-04-01 10:40:11	1	255	1	0
          7030	2025-04-01 10:41:49	1	255	15	0
          7006	2025-04-01 11:18:08	1	255	15	0
          7030	2025-04-01 13:33:09	1	255	1	0
          7003	2025-04-01 18:03:13	1	255	1	0
          7018	2025-04-01 18:03:23	1	255	15	0
          7018	2025-04-01 18:03:25	1	255	15	0
          7009	2025-04-01 18:09:35	1	255	1	0
          7005	2025-04-01 18:09:42	1	255	1	0
          7012	2025-04-01 18:12:18	1	255	15	0
          7012	2025-04-01 18:12:21	1	255	15	0
          7004	2025-04-01 18:12:23	1	255	1	0
          7010	2025-04-01 18:12:47	1	255	1	0
          7031	2025-04-01 18:22:59	1	255	15	0
          7006	2025-04-01 18:23:07	1	255	15	0
          7006	2025-04-01 18:23:09	1	255	15	0
          7002	2025-04-01 18:26:53	1	255	1	0
          7010	2025-04-02 09:08:52	1	255	1	0
          7009	2025-04-02 09:17:13	1	255	1	0
          7003	2025-04-02 09:51:05	1	255	1	0
          7002	2025-04-02 09:58:15	1	255	1	0
          7018	2025-04-02 10:00:34	1	255	15	0
          7018	2025-04-02 10:00:37	1	255	15	0
          7031	2025-04-02 10:12:17	1	255	15	0
          7031	2025-04-02 10:12:20	1	255	15	0
          7012	2025-04-02 10:15:51	1	255	15	0
          7005	2025-04-02 10:25:08	1	255	1	0
          7004	2025-04-02 10:25:13	1	255	1	0
          7007	2025-04-02 10:25:17	1	255	1	0
          7007	2025-04-02 10:25:19	1	255	1	0
          7006	2025-04-02 10:38:33	1	255	15	0
          7006	2025-04-02 10:38:36	1	255	15	0
          7030	2025-04-02 10:58:33	1	255	1	0
          7030	2025-04-02 14:02:43	1	255	1	0
          7010	2025-04-02 18:12:11	1	255	1	0
          7018	2025-04-02 18:15:18	1	255	15	0
          7018	2025-04-02 18:15:21	1	255	15	0
          7005	2025-04-02 18:17:46	1	255	1	0
          7009	2025-04-02 18:17:52	1	255	1	0
          7004	2025-04-02 18:17:58	1	255	1	0
          7012	2025-04-02 18:18:06	1	255	15	0
          7031	2025-04-02 18:33:27	1	255	15	0
          7006	2025-04-02 18:33:41	1	255	15	0
          7002	2025-04-02 18:57:43	1	255	1	0
          7010	2025-04-03 09:00:51	1	255	1	0
          7009	2025-04-03 09:04:05	1	255	1	0
          7006	2025-04-03 09:59:35	1	255	15	0
          7031	2025-04-03 09:59:46	1	255	15	0
          7002	2025-04-03 10:03:58	1	255	1	0
          7018	2025-04-03 10:08:28	1	255	15	0
          7018	2025-04-03 10:08:30	1	255	15	0
          7007	2025-04-03 10:11:04	1	255	1	0
          7004	2025-04-03 10:11:08	1	255	1	0
          7012	2025-04-03 10:34:56	1	255	15	0
          7005	2025-04-03 10:35:17	1	255	1	0
          7030	2025-04-03 11:06:32	1	255	1	0
          7030	2025-04-03 13:58:10	1	255	1	0
          9999	2025-04-03 14:18:09	1	255	4	0
          9999	2025-04-03 14:18:22	1	255	4	0
          7060	2025-04-03 14:19:56	1	255	1	0
          7018	2025-04-03 17:59:38	1	255	15	0
          7005	2025-04-03 17:59:44	1	255	1	0
          7006	2025-04-03 17:59:55	1	255	15	0
          7012	2025-04-03 18:03:08	1	255	15	0
          7004	2025-04-03 18:03:15	1	255	1	0
          7031	2025-04-03 18:04:19	1	255	15	0
          7031	2025-04-03 18:04:22	1	255	15	0
          7009	2025-04-04 09:02:41	1	255	1	0
          7010	2025-04-04 09:02:55	1	255	1	0
          7007	2025-04-04 09:29:30	1	255	15	0
          7007	2025-04-04 09:29:32	1	255	1	0
          7018	2025-04-04 09:49:51	1	255	15	0
          7018	2025-04-04 09:49:53	1	255	15	0
          7012	2025-04-04 10:00:51	1	255	15	0
          7012	2025-04-04 10:00:53	1	255	15	0
          7031	2025-04-04 10:03:39	1	255	15	0
          7002	2025-04-04 10:22:38	1	255	1	0
          7005	2025-04-04 10:34:42	1	255	1	0
          7030	2025-04-04 10:44:34	1	255	1	0
          7004	2025-04-04 10:49:33	1	255	1	0
          7004	2025-04-04 10:49:35	1	255	1	0
          7030	2025-04-04 14:03:25	1	255	1	0
          7030	2025-04-04 14:03:27	1	255	1	0
          7009	2025-04-04 18:00:24	1	255	1	0
          7005	2025-04-04 18:00:51	1	255	1	0
          7007	2025-04-04 18:01:00	1	255	1	0
          7004	2025-04-04 18:03:57	1	255	1	0
          7004	2025-04-04 18:03:58	1	255	15	0
          7012	2025-04-04 18:05:01	1	255	1	0
          7012	2025-04-04 18:05:03	1	255	1	0
          7010	2025-04-04 18:05:10	1	255	1	0
          7060	2025-04-04 18:06:42	1	255	1	0
          7009	2025-04-04 18:10:47	1	255	1	0
          7009	2025-04-04 18:10:49	1	255	1	0
          7009	2025-04-04 18:10:51	1	255	1	0
          7002	2025-04-04 18:22:17	1	255	1	0
          7002	2025-04-04 18:22:18	1	255	1	0
          7006	2025-04-04 18:29:56	1	255	15	0
          7006	2025-04-04 18:29:59	1	255	15	0
          7031	2025-04-04 18:30:05	1	255	15	0
          7003	2025-04-04 18:52:58	1	255	1	0
          7003	2025-04-04 18:53:00	1	255	1	0
          7009	2025-04-05 09:03:25	1	255	1	0
          7010	2025-04-05 09:03:33	1	255	1	0
          7060	2025-04-05 09:28:28	1	255	15	0
          7060	2025-04-05 09:28:30	1	255	15	0
          7018	2025-04-05 09:43:15	1	255	15	0
          7012	2025-04-05 10:01:41	1	255	15	0
          7031	2025-04-05 10:03:45	1	255	15	0
          7031	2025-04-05 10:03:48	1	255	15	0
          7007	2025-04-05 10:08:37	1	255	1	0
          7007	2025-04-05 10:08:39	1	255	15	0
          7004	2025-04-05 10:08:42	1	255	15	0
          7004	2025-04-05 10:08:44	1	255	1	0
          7030	2025-04-05 10:15:23	1	255	1	0
          7006	2025-04-05 10:15:46	1	255	15	0
          7006	2025-04-05 10:15:48	1	255	15	0
          7003	2025-04-05 10:27:37	1	255	1	0
          7002	2025-04-05 10:44:39	1	255	1	0
          7005	2025-04-05 12:25:47	1	255	1	0
          7030	2025-04-05 13:25:00	1	255	1	0
          7009	2025-04-05 16:03:28	1	255	1	0
          7004	2025-04-05 16:03:31	1	255	1	0
          7006	2025-04-05 16:05:11	1	255	15	0
          7006	2025-04-05 16:05:14	1	255	15	0
          7002	2025-04-05 16:06:02	1	255	1	0
          7010	2025-04-05 16:57:10	1	255	1	0
          7031	2025-04-05 17:03:03	1	255	15	0
          7031	2025-04-05 17:03:05	1	255	15	0
          7060	2025-04-05 17:05:15	1	255	1	0
          7005	2025-04-05 17:50:23	1	255	1	0
          7009	2025-04-07 09:00:16	1	255	1	0
          7010	2025-04-07 09:00:27	1	255	1	0
          7060	2025-04-07 09:27:01	1	255	15	0
          7060	2025-04-07 09:27:03	1	255	15	0
          7018	2025-04-07 09:46:55	1	255	15	0
          7018	2025-04-07 09:46:58	1	255	15	0
          7003	2025-04-07 09:49:44	1	255	1	0
          7019	2025-04-07 09:56:46	1	255	1	0
          7031	2025-04-07 09:59:48	1	255	15	0
          7012	2025-04-07 10:17:42	1	255	15	0
          7030	2025-04-07 10:24:24	1	255	1	0
          7002	2025-04-07 10:24:33	1	255	1	0
          7004	2025-04-07 10:31:09	1	255	1	0
          7006	2025-04-07 10:36:43	1	255	15	0
          7006	2025-04-07 10:36:45	1	255	15	0
          7005	2025-04-07 11:05:28	1	255	1	0
          7003	2025-04-07 17:38:38	1	255	1	0
          7012	2025-04-07 17:50:01	1	255	15	0
          7012	2025-04-07 17:50:04	1	255	15	0
          7009	2025-04-07 17:58:26	1	255	1	0
          7004	2025-04-07 17:58:29	1	255	1	0
          7060	2025-04-07 18:11:19	1	255	1	0
          7019	2025-04-07 18:17:25	1	255	15	0
          7010	2025-04-07 18:17:33	1	255	1	0
          7006	2025-04-07 18:19:15	1	255	15	0
          7002	2025-04-07 18:31:37	1	255	1	0
          7031	2025-04-07 18:49:34	1	255	15	0
          7031	2025-04-07 18:49:37	1	255	15	0
          7010	2025-04-08 09:32:07	1	255	1	0
          7009	2025-04-08 09:32:11	1	255	1	0
          7060	2025-04-08 09:33:22	1	255	1	0
          7006	2025-04-08 09:34:29	1	255	15	0
          7002	2025-04-08 10:00:20	1	255	1	0
          7004	2025-04-08 10:04:07	1	255	1	0
          7007	2025-04-08 10:04:30	1	255	1	0
          7031	2025-04-08 10:14:19	1	255	15	0
          7012	2025-04-08 10:20:00	1	255	15	0
          7012	2025-04-08 10:20:03	1	255	15	0
          7030	2025-04-08 10:31:04	1	255	15	0
          7030	2025-04-08 10:31:07	1	255	15	0
          7005	2025-04-08 10:32:48	1	255	1	0
          7030	2025-04-08 14:03:42	1	255	1	0
          7060	2025-04-08 18:36:48	1	255	1	0
          7031	2025-04-08 18:43:25	1	255	15	0
          7031	2025-04-08 18:43:27	1	255	15	0
          7006	2025-04-08 18:44:12	1	255	15	0
          7006	2025-04-08 18:44:15	1	255	15	0
          7007	2025-04-08 18:49:10	1	255	1	0
          7010	2025-04-08 18:50:35	1	255	1	0
          7005	2025-04-08 18:51:38	1	255	1	0
          7004	2025-04-08 18:51:48	1	255	1	0
          7002	2025-04-08 18:56:12	1	255	1	0
          7002	2025-04-09 09:19:49	1	255	1	0
          7005	2025-04-09 09:24:06	1	255	1	0
          7009	2025-04-09 09:24:15	1	255	1	0
          7060	2025-04-09 09:28:10	1	255	1	0
          7006	2025-04-09 09:43:12	1	255	15	0
          7006	2025-04-09 09:43:15	1	255	15	0
          7031	2025-04-09 09:59:11	1	255	15	0
          7004	2025-04-09 10:04:16	1	255	1	0
          7007	2025-04-09 10:04:22	1	255	1	0
          7007	2025-04-09 10:04:24	1	255	1	0
          7030	2025-04-09 10:30:19	1	255	15	0
          7006	2025-04-09 18:03:08	1	255	15	0
          7005	2025-04-09 18:03:51	1	255	1	0
          7009	2025-04-09 18:03:57	1	255	1	0
          7005	2025-04-09 18:04:02	1	255	1	0
          7004	2025-04-09 18:05:54	1	255	1	0
          7002	2025-04-09 18:06:47	1	255	1	0
          7007	2025-04-09 18:07:11	1	255	1	0
          7030	2025-04-09 18:07:30	1	255	15	0
          7060	2025-04-09 18:13:28	1	255	1	0
          7031	2025-04-09 18:43:38	1	255	15	0
          7009	2025-04-10 08:59:54	1	255	1	0
          7060	2025-04-10 09:26:02	1	255	1	0
          7006	2025-04-10 09:30:55	1	255	15	0
          7002	2025-04-10 09:31:28	1	255	1	0
          7003	2025-04-10 09:43:21	1	255	1	0
          7003	2025-04-10 09:43:23	1	255	1	0
          7012	2025-04-10 09:50:14	1	255	15	0
          7004	2025-04-10 10:03:05	1	255	1	0
          7007	2025-04-10 10:03:08	1	255	1	0
          7007	2025-04-10 10:03:10	1	255	1	0
          7031	2025-04-10 10:07:09	1	255	15	0
          7030	2025-04-10 10:32:40	1	255	15	0
          7005	2025-04-10 10:43:24	1	255	1	0
          7030	2025-04-10 14:42:50	1	255	15	0
          7030	2025-04-10 14:42:53	1	255	15	0
          7012	2025-04-10 16:58:00	1	255	15	0
          7004	2025-04-10 16:58:07	1	255	1	0
          7009	2025-04-10 17:06:24	1	255	1	0
          7060	2025-04-10 17:35:07	1	255	1	0
          7060	2025-04-10 17:35:09	1	255	1	0
          7007	2025-04-10 17:43:17	1	255	1	0
          7006	2025-04-10 17:43:20	1	255	15	0
          7006	2025-04-10 17:43:23	1	255	15	0
          7031	2025-04-10 18:02:14	1	255	15	0
          7002	2025-04-10 18:06:28	1	255	1	0
          7007	2025-04-11 09:13:32	1	255	1	0
          7060	2025-04-11 09:27:39	1	255	1	0
          7009	2025-04-11 09:27:49	1	255	1	0
          7010	2025-04-11 09:28:01	1	255	1	0
          7006	2025-04-11 09:28:05	1	255	15	0
          7006	2025-04-11 09:28:07	1	255	15	0
          7003	2025-04-11 09:37:55	1	255	1	0
          7002	2025-04-11 09:49:24	1	255	1	0
          7031	2025-04-11 09:58:04	1	255	15	0
          7005	2025-04-11 10:28:55	1	255	1	0
          7004	2025-04-11 10:28:59	1	255	1	0
          7004	2025-04-11 17:57:58	1	255	1	0
          7009	2025-04-11 17:58:02	1	255	1	0
          7005	2025-04-11 17:58:06	1	255	1	0
          7002	2025-04-11 18:06:29	1	255	1	0
          7060	2025-04-11 18:25:26	1	255	1	0
          7031	2025-04-11 18:56:16	1	255	15	0
          7003	2025-04-11 19:23:02	1	255	1	0
          7006	2025-04-12 09:24:03	1	255	15	0
          7006	2025-04-12 09:24:06	1	255	15	0
          7003	2025-04-12 09:29:26	1	255	1	0
          7010	2025-04-12 09:30:13	1	255	15	0
          7009	2025-04-12 09:30:30	1	255	1	0
          7002	2025-04-12 09:52:07	1	255	1	0
          7031	2025-04-12 10:02:38	1	255	15	0
          7004	2025-04-12 10:32:21	1	255	1	0
          7005	2025-04-12 10:32:24	1	255	1	0
          7007	2025-04-12 10:32:38	1	255	1	0
          7006	2025-04-12 15:59:30	1	255	15	0
          7006	2025-04-12 15:59:33	1	255	15	0
          7007	2025-04-12 16:17:12	1	255	1	0
          7004	2025-04-12 16:19:32	1	255	1	0
          7007	2025-04-12 16:19:34	1	255	1	0
          7009	2025-04-12 16:19:39	1	255	1	0
          7031	2025-04-12 16:20:21	1	255	15	0
          7007	2025-04-12 16:20:49	1	255	1	0
          7005	2025-04-12 16:20:54	1	255	1	0
          7002	2025-04-12 16:59:18	1	255	1	0
          7010	2025-04-12 17:06:29	1	255	1	0
          7060	2025-04-14 09:25:24	1	255	1	0
          7015	2025-04-14 09:35:10	1	255	1	0
          7010	2025-04-14 09:37:55	1	255	1	0
          7006	2025-04-14 09:41:40	1	255	15	0
          7006	2025-04-14 09:41:43	1	255	15	0
          7012	2025-04-14 10:05:20	1	255	15	0
          7030	2025-04-14 10:19:24	1	255	15	0
          7030	2025-04-14 10:19:27	1	255	15	0
          7005	2025-04-14 10:26:24	1	255	1	0
          7007	2025-04-14 10:26:28	1	255	1	0
          7004	2025-04-14 10:26:32	1	255	1	0
          7002	2025-04-14 10:37:20	1	255	1	0
          7003	2025-04-14 10:38:20	1	255	1	0
          7030	2025-04-14 13:24:08	1	255	15	0
          7030	2025-04-14 13:24:11	1	255	15	0
          7003	2025-04-14 17:33:42	1	255	1	0
          7004	2025-04-14 17:39:52	1	255	1	0
          7007	2025-04-14 17:39:54	1	255	1	0
          7005	2025-04-14 17:40:17	1	255	1	0
          7012	2025-04-14 17:40:29	1	255	15	0
          7060	2025-04-14 17:44:16	1	255	1	0
          7031	2025-04-14 17:44:29	1	255	15	0
          7002	2025-04-14 17:53:22	1	255	1	0
          7010	2025-04-14 18:01:40	1	255	1	0
          7015	2025-04-14 18:03:28	1	255	1	0
          7010	2025-04-15 09:24:37	1	255	1	0
          7009	2025-04-15 09:24:42	1	255	1	0
          7060	2025-04-15 09:25:53	1	255	1	0
          7060	2025-04-15 09:25:55	1	255	1	0
          7003	2025-04-15 09:36:08	1	255	1	0
          7006	2025-04-15 09:39:32	1	255	15	0
          7031	2025-04-15 09:53:42	1	255	15	0
          7002	2025-04-15 09:59:18	1	255	1	0
          7012	2025-04-15 10:11:24	1	255	15	0
          7012	2025-04-15 10:11:26	1	255	15	0
          7007	2025-04-15 10:31:26	1	255	15	0
          7007	2025-04-15 10:31:28	1	255	1	0
          7004	2025-04-15 10:31:30	1	255	1	0
          7004	2025-04-15 10:31:32	1	255	1	0
          7030	2025-04-15 10:33:06	1	255	15	0
