          7009	2025-05-02 09:23:46	1	255	1	0
          7010	2025-05-02 09:23:51	1	255	1	0
          7060	2025-05-02 09:30:48	1	255	1	0
          7003	2025-05-02 09:53:49	1	255	1	0
          7015	2025-05-02 09:54:23	1	255	1	0
          7031	2025-05-02 10:02:02	1	255	15	0
          7004	2025-05-02 10:03:30	1	255	1	0
          7007	2025-05-02 10:03:33	1	255	1	0
          7012	2025-05-02 10:12:51	1	255	15	0
          7006	2025-05-02 10:14:45	1	255	15	0
          7002	2025-05-02 10:24:01	1	255	1	0
          7005	2025-05-02 10:25:30	1	255	1	0
          7005	2025-05-02 18:04:09	1	255	1	0
          7009	2025-05-02 18:04:14	1	255	1	0
          7015	2025-05-02 18:14:41	1	255	1	0
          7004	2025-05-02 18:16:01	1	255	1	0
          7007	2025-05-02 18:16:03	1	255	1	0
          7060	2025-05-02 18:16:10	1	255	1	0
          7003	2025-05-02 18:17:53	1	255	1	0
          7010	2025-05-02 18:18:11	1	255	1	0
          7006	2025-05-02 18:45:08	1	255	15	0
          7031	2025-05-02 18:45:17	1	255	15	0
          7002	2025-05-02 19:05:12	1	255	1	0
          7002	2025-05-02 19:05:14	1	255	1	0
          7009	2025-05-03 09:25:30	1	255	1	0
          7010	2025-05-03 09:25:35	1	255	1	0
          7060	2025-05-03 09:27:46	1	255	1	0
          7002	2025-05-03 09:42:00	1	255	1	0
          7015	2025-05-03 09:59:49	1	255	1	0
          7031	2025-05-03 10:05:09	1	255	15	0
          7003	2025-05-03 10:13:50	1	255	1	0
          7006	2025-05-03 10:19:00	1	255	15	0
          7006	2025-05-03 10:19:02	1	255	15	0
          7004	2025-05-03 10:29:06	1	255	1	0
          7007	2025-05-03 10:29:28	1	255	1	0
          7030	2025-05-03 10:40:16	1	255	15	0
          7005	2025-05-03 11:00:00	1	255	1	0
          7005	2025-05-03 16:09:58	1	255	1	0
          7009	2025-05-03 16:10:01	1	255	1	0
          7015	2025-05-03 16:22:31	1	255	1	0
          7060	2025-05-03 16:23:18	1	255	1	0
          7007	2025-05-03 16:26:49	1	255	1	0
          7004	2025-05-03 16:26:53	1	255	1	0
          7006	2025-05-03 16:39:59	1	255	15	0
          7006	2025-05-03 16:40:02	1	255	15	0
          7010	2025-05-03 16:40:38	1	255	1	0
          7031	2025-05-03 16:44:49	1	255	15	0
          7031	2025-05-03 16:44:52	1	255	15	0
          7002	2025-05-03 17:25:47	1	255	1	0
          7030	2025-05-03 17:31:39	1	255	15	0
          7003	2025-05-03 17:45:08	1	255	1	0
          7060	2025-05-05 09:31:13	1	255	1	0
          7010	2025-05-05 09:31:36	1	255	1	0
          7009	2025-05-05 09:31:40	1	255	1	0
          7019	2025-05-05 09:37:30	1	255	1	0
          7003	2025-05-05 09:54:08	1	255	1	0
          7031	2025-05-05 09:59:08	1	255	15	0
          7015	2025-05-05 10:02:20	1	255	1	0
          7012	2025-05-05 10:03:18	1	255	15	0
          7002	2025-05-05 10:13:20	1	255	1	0
          7006	2025-05-05 10:24:35	1	255	15	0
          7004	2025-05-05 10:50:38	1	255	1	0
          7005	2025-05-05 10:50:43	1	255	1	0
          7007	2025-05-05 10:51:08	1	255	1	0
          7030	2025-05-05 11:17:27	1	255	1	0
          7019	2025-05-05 18:21:19	1	255	1	0
          7005	2025-05-05 18:27:36	1	255	1	0
          7012	2025-05-05 18:27:45	1	255	1	0
          7002	2025-05-05 18:34:45	1	255	1	0
          7060	2025-05-05 18:35:55	1	255	1	0
          7007	2025-05-05 18:36:43	1	255	1	0
          7004	2025-05-05 18:36:47	1	255	1	0
          7031	2025-05-05 18:57:53	1	255	15	0
          7031	2025-05-05 18:57:55	1	255	15	0
          7006	2025-05-05 19:00:05	1	255	15	0
          7009	2025-05-05 20:03:28	1	255	1	0
          7003	2025-05-05 21:02:51	1	255	1	0
          7003	2025-05-05 21:02:54	1	255	1	0
          7010	2025-05-05 21:02:56	1	255	1	0
          7009	2025-05-06 09:24:52	1	255	1	0
          7010	2025-05-06 09:25:18	1	255	1	0
          7030	2025-05-06 09:32:33	1	255	15	0
          7030	2025-05-06 09:32:35	1	255	15	0
          7019	2025-05-06 09:39:05	1	255	1	0
          7003	2025-05-06 09:42:46	1	255	1	0
          7007	2025-05-06 09:47:44	1	255	1	0
          7015	2025-05-06 09:54:45	1	255	1	0
          7002	2025-05-06 10:05:13	1	255	1	0
          7031	2025-05-06 10:13:48	1	255	15	0
          7012	2025-05-06 10:24:03	1	255	15	0
          7006	2025-05-06 10:43:34	1	255	15	0
          7006	2025-05-06 10:43:37	1	255	15	0
          7030	2025-05-06 13:15:19	1	255	15	0
          7009	2025-05-06 17:32:23	1	255	1	0
          7007	2025-05-06 18:21:18	1	255	1	0
          7004	2025-05-06 18:21:20	1	255	1	0
          7012	2025-05-06 18:29:06	1	255	15	0
          7005	2025-05-06 18:29:20	1	255	1	0
          7010	2025-05-06 18:29:25	1	255	1	0
          7060	2025-05-06 18:34:02	1	255	1	0
          7002	2025-05-06 18:34:36	1	255	1	0
          7031	2025-05-06 18:39:12	1	255	15	0
          7031	2025-05-06 18:39:15	1	255	15	0
          7006	2025-05-06 18:39:21	1	255	15	0
          7006	2025-05-06 18:39:24	1	255	15	0
          7015	2025-05-06 18:44:33	1	255	1	0
          7030	2025-05-07 09:15:48	1	255	15	0
          7030	2025-05-07 09:15:50	1	255	15	0
          7010	2025-05-07 09:28:09	1	255	1	0
          7009	2025-05-07 09:28:22	1	255	1	0
          7060	2025-05-07 09:32:25	1	255	1	0
          7002	2025-05-07 09:43:43	1	255	1	0
          7015	2025-05-07 09:58:06	1	255	1	0
          7031	2025-05-07 10:03:40	1	255	15	0
          7012	2025-05-07 10:22:48	1	255	15	0
          7004	2025-05-07 10:24:39	1	255	1	0
          7007	2025-05-07 10:25:12	1	255	1	0
          7006	2025-05-07 10:28:27	1	255	15	0
          7006	2025-05-07 10:34:53	1	255	15	0
          7006	2025-05-07 10:34:55	1	255	15	0
          7005	2025-05-07 10:54:02	1	255	1	0
          7030	2025-05-07 12:33:43	1	255	15	0
          7030	2025-05-07 12:33:46	1	255	15	0
          7012	2025-05-07 15:18:40	1	255	15	0
          7005	2025-05-07 15:18:45	1	255	15	0
          7005	2025-05-07 15:18:48	1	255	15	0
          7015	2025-05-07 15:21:08	1	255	1	0
          7060	2025-05-07 15:21:18	1	255	1	0
          7007	2025-05-07 15:21:37	1	255	1	0
          7004	2025-05-07 15:21:42	1	255	1	0
          7006	2025-05-07 15:22:31	1	255	15	0
          7006	2025-05-07 15:22:34	1	255	15	0
          7031	2025-05-07 15:22:41	1	255	15	0
          7031	2025-05-07 15:22:44	1	255	15	0
          7010	2025-05-07 15:52:10	1	255	1	0
          7009	2025-05-07 15:52:17	1	255	1	0
          7060	2025-05-08 09:31:25	1	255	1	0
          7010	2025-05-08 09:37:18	1	255	1	0
          7015	2025-05-08 09:54:00	1	255	1	0
          7031	2025-05-08 10:17:53	1	255	15	0
          7030	2025-05-08 10:19:44	1	255	15	0
          7006	2025-05-08 10:21:26	1	255	15	0
          7004	2025-05-08 10:25:48	1	255	1	0
          7007	2025-05-08 10:26:30	1	255	1	0
          7012	2025-05-08 10:26:40	1	255	15	0
          7012	2025-05-08 10:26:43	1	255	15	0
          7005	2025-05-08 10:45:30	1	255	1	0
          7002	2025-05-08 10:58:06	1	255	1	0
          7012	2025-05-08 15:13:06	1	255	1	0
          7007	2025-05-08 17:36:35	1	255	1	0
          7004	2025-05-08 17:36:39	1	255	1	0
          7005	2025-05-08 17:36:47	1	255	15	0
          7015	2025-05-08 18:09:51	1	255	1	0
          7002	2025-05-08 18:12:21	1	255	1	0
          7060	2025-05-08 18:12:35	1	255	1	0
          7010	2025-05-08 18:20:38	1	255	1	0
          7031	2025-05-08 19:05:54	1	255	15	0
          7006	2025-05-08 19:06:37	1	255	15	0
          7003	2025-05-09 09:20:52	1	255	1	0
          7060	2025-05-09 09:29:44	1	255	1	0
          7010	2025-05-09 09:32:53	1	255	1	0
          7006	2025-05-09 09:57:57	1	255	15	0
          7031	2025-05-09 09:58:18	1	255	15	0
          7031	2025-05-09 09:58:21	1	255	15	0
          7002	2025-05-09 10:09:24	1	255	1	0
          7030	2025-05-09 10:29:08	1	255	15	0
          7030	2025-05-09 10:29:11	1	255	15	0
          7005	2025-05-09 10:29:51	1	255	1	0
          7004	2025-05-09 10:29:55	1	255	1	0
          7007	2025-05-09 10:30:24	1	255	1	0
          7012	2025-05-09 11:00:51	1	255	15	0
          7012	2025-05-09 12:32:20	1	255	1	0
          7030	2025-05-09 12:58:16	1	255	15	0
          7060	2025-05-09 18:04:36	1	255	1	0
          7005	2025-05-09 18:04:44	1	255	15	0
          7005	2025-05-09 18:04:47	1	255	15	0
          7007	2025-05-09 18:06:06	1	255	1	0
          7004	2025-05-09 18:06:16	1	255	1	0
          7002	2025-05-09 18:19:42	1	255	1	0
          7031	2025-05-09 18:34:04	1	255	15	0
          7006	2025-05-09 18:34:21	1	255	15	0
          7006	2025-05-09 18:34:23	1	255	15	0
          7010	2025-05-09 18:47:50	1	255	1	0
          7003	2025-05-09 19:08:08	1	255	1	0
          7060	2025-05-10 09:29:14	1	255	1	0
          7009	2025-05-10 09:30:36	1	255	1	0
          7010	2025-05-10 09:30:43	1	255	1	0
          7012	2025-05-10 09:47:26	1	255	1	0
          7031	2025-05-10 10:04:01	1	255	15	0
          7006	2025-05-10 10:04:10	1	255	15	0
          7003	2025-05-10 10:09:37	1	255	1	0
          7007	2025-05-10 10:12:28	1	255	1	0
          7004	2025-05-10 10:12:32	1	255	1	0
          7002	2025-05-10 10:22:55	1	255	1	0
          7005	2025-05-10 10:44:26	1	255	1	0
          7030	2025-05-10 11:20:05	1	255	15	0
          7030	2025-05-10 12:47:53	1	255	15	0
          7030	2025-05-10 12:47:55	1	255	15	0
          7007	2025-05-10 15:11:09	1	255	1	0
          7004	2025-05-10 15:12:57	1	255	1	0
          7012	2025-05-10 15:25:00	1	255	1	0
          7003	2025-05-10 15:59:10	1	255	1	0
          7060	2025-05-10 16:03:02	1	255	1	0
          7031	2025-05-10 16:03:16	1	255	15	0
          7031	2025-05-10 16:03:19	1	255	15	0
          7006	2025-05-10 16:03:26	1	255	15	0
          7006	2025-05-10 16:03:29	1	255	15	0
          7002	2025-05-10 16:05:30	1	255	1	0
          7060	2025-05-12 09:30:41	1	255	1	0
          7009	2025-05-12 09:41:57	1	255	1	0
          7007	2025-05-12 09:57:26	1	255	1	0
          7004	2025-05-12 09:57:30	1	255	1	0
          7006	2025-05-12 10:03:50	1	255	15	0
          7006	2025-05-12 10:03:52	1	255	15	0
          7015	2025-05-12 10:22:28	1	255	1	0
          7015	2025-05-12 10:22:30	1	255	1	0
          7030	2025-05-12 10:43:43	1	255	15	0
          7005	2025-05-12 10:45:47	1	255	1	0
          7002	2025-05-12 10:47:53	1	255	1	0
          7003	2025-05-12 11:03:02	1	255	1	0
          7031	2025-05-12 11:19:36	1	255	15	0
          7030	2025-05-12 12:37:44	1	255	15	0
          7002	2025-05-12 17:29:28	1	255	1	0
          7005	2025-05-12 17:52:55	1	255	1	0
          7009	2025-05-12 17:52:58	1	255	1	0
          7007	2025-05-12 17:57:10	1	255	1	0
          7004	2025-05-12 17:58:07	1	255	15	0
          7060	2025-05-12 18:03:55	1	255	1	0
          7015	2025-05-12 18:19:34	1	255	1	0
          7006	2025-05-12 19:07:28	1	255	15	0
          7031	2025-05-12 19:07:36	1	255	15	0
          7003	2025-05-13 05:27:01	1	255	1	0
          7007	2025-05-13 08:16:48	1	255	1	0
          7009	2025-05-13 09:09:16	1	255	1	0
          7060	2025-05-13 09:32:17	1	255	1	0
          7006	2025-05-13 10:04:33	1	255	15	0
          7006	2025-05-13 10:04:36	1	255	15	0
          7031	2025-05-13 10:13:04	1	255	15	0
          7031	2025-05-13 10:13:06	1	255	15	0
          7015	2025-05-13 10:17:05	1	255	1	0
          7002	2025-05-13 10:55:27	1	255	1	0
          7030	2025-05-13 11:03:41	1	255	15	0
          7030	2025-05-13 11:03:43	1	255	15	0
          7004	2025-05-13 15:55:08	1	255	1	0
          7006	2025-05-13 17:37:14	1	255	15	0
          7030	2025-05-13 17:48:42	1	255	15	0
          7009	2025-05-13 17:57:34	1	255	1	0
          7015	2025-05-13 18:13:06	1	255	1	0
          7031	2025-05-13 18:22:23	1	255	15	0
          7003	2025-05-13 19:32:05	1	255	1	0
          7009	2025-05-14 09:22:02	1	255	1	0
          7010	2025-05-14 09:22:05	1	255	1	0
          7060	2025-05-14 09:28:49	1	255	1	0
          7015	2025-05-14 09:56:29	1	255	1	0
          7003	2025-05-14 09:56:42	1	255	1	0
          7031	2025-05-14 10:16:57	1	255	15	0
          7006	2025-05-14 10:24:44	1	255	15	0
          7006	2025-05-14 10:24:46	1	255	15	0
          7002	2025-05-14 10:31:36	1	255	1	0
          7004	2025-05-14 10:41:20	1	255	1	0
          7007	2025-05-14 10:41:26	1	255	1	0
          7005	2025-05-14 11:07:25	1	255	1	0
          7030	2025-05-14 11:22:03	1	255	15	0
          7005	2025-05-14 18:00:57	1	255	1	0
          7009	2025-05-14 18:01:01	1	255	1	0
          7004	2025-05-14 18:02:02	1	255	1	0
          7010	2025-05-14 18:02:07	1	255	1	0
          7060	2025-05-14 18:04:25	1	255	1	0
          7002	2025-05-14 18:06:36	1	255	1	0
          7015	2025-05-14 18:16:20	1	255	1	0
          7006	2025-05-14 18:23:12	1	255	15	0
          7006	2025-05-14 18:23:14	1	255	15	0
          7031	2025-05-14 18:23:21	1	255	15	0
          7003	2025-05-14 19:01:49	1	255	1	0
          7060	2025-05-15 09:26:14	1	255	1	0
          7009	2025-05-15 09:28:12	1	255	1	0
          7010	2025-05-15 09:28:16	1	255	1	0
          7015	2025-05-15 10:03:04	1	255	1	0
          7002	2025-05-15 10:12:52	1	255	1	0
          7007	2025-05-15 10:14:59	1	255	1	0
          7004	2025-05-15 10:15:04	1	255	15	0
          7004	2025-05-15 10:15:06	1	255	1	0
          7004	2025-05-15 10:15:08	1	255	15	0
          7006	2025-05-15 10:17:25	1	255	15	0
          7003	2025-05-15 10:17:59	1	255	1	0
          7006	2025-05-15 10:21:48	1	255	15	0
          7006	2025-05-15 10:21:50	1	255	15	0
          7031	2025-05-15 10:22:09	1	255	15	0
          7005	2025-05-15 10:39:02	1	255	1	0
          7030	2025-05-15 10:44:39	1	255	15	0
          7030	2025-05-15 10:44:42	1	255	15	0
          7005	2025-05-15 18:02:35	1	255	1	0
          7004	2025-05-15 18:02:40	1	255	1	0
          7009	2025-05-15 18:02:42	1	255	1	0
          7003	2025-05-15 18:07:15	1	255	1	0
          7010	2025-05-15 18:08:47	1	255	1	0
          7060	2025-05-15 18:16:29	1	255	1	0
          7015	2025-05-15 18:17:23	1	255	1	0
          7002	2025-05-15 18:51:37	1	255	1	0
          7031	2025-05-15 19:51:00	1	255	15	0
          7031	2025-05-15 19:51:03	1	255	15	0
          7009	2025-05-16 09:21:44	1	255	1	0
          7010	2025-05-16 09:21:52	1	255	1	0
          7060	2025-05-16 09:29:13	1	255	1	0
          7015	2025-05-16 09:53:37	1	255	1	0
          7003	2025-05-16 09:56:35	1	255	1	0
          7004	2025-05-16 10:10:45	1	255	1	0
          7007	2025-05-16 10:11:03	1	255	1	0
          7006	2025-05-16 10:36:10	1	255	15	0
          7005	2025-05-16 10:42:40	1	255	1	0
          7002	2025-05-16 10:55:09	1	255	1	0
          7030	2025-05-16 11:33:55	1	255	15	0
          7009	2025-05-16 17:54:00	1	255	1	0
          7004	2025-05-16 17:54:02	1	255	1	0
          7005	2025-05-16 17:54:06	1	255	15	0
          7005	2025-05-16 17:54:09	1	255	15	0
          7002	2025-05-16 18:00:48	1	255	1	0
          7060	2025-05-16 18:09:12	1	255	1	0
          7003	2025-05-16 18:10:30	1	255	1	0
          7010	2025-05-16 18:14:37	1	255	1	0
          7015	2025-05-16 18:15:54	1	255	1	0
          7006	2025-05-16 18:17:28	1	255	15	0
          7031	2025-05-16 18:17:36	1	255	15	0
          7031	2025-05-16 18:17:38	1	255	15	0
          7060	2025-05-17 09:26:55	1	255	1	0
          7006	2025-05-17 09:36:38	1	255	15	0
          7006	2025-05-17 09:36:41	1	255	15	0
          7009	2025-05-17 09:37:48	1	255	1	0
          7010	2025-05-17 09:38:01	1	255	1	0
          7003	2025-05-17 09:49:12	1	255	1	0
          7031	2025-05-17 10:02:48	1	255	15	0
          7004	2025-05-17 10:04:08	1	255	1	0
          7007	2025-05-17 10:04:56	1	255	1	0
          7015	2025-05-17 10:22:52	1	255	1	0
          7002	2025-05-17 10:28:45	1	255	1	0
          7005	2025-05-17 10:48:41	1	255	1	0
          7030	2025-05-17 10:55:25	1	255	15	0
          7009	2025-05-17 16:26:32	1	255	1	0
          7010	2025-05-17 16:26:37	1	255	1	0
          7015	2025-05-17 16:28:18	1	255	1	0
          7006	2025-05-17 16:33:31	1	255	15	0
          7031	2025-05-17 16:33:57	1	255	15	0
          7060	2025-05-17 16:52:17	1	255	1	0
          7005	2025-05-17 16:52:49	1	255	1	0
          7005	2025-05-17 17:03:00	1	255	1	0
          7004	2025-05-17 17:03:36	1	255	1	0
          7003	2025-05-17 17:28:10	1	255	1	0
          7002	2025-05-17 17:31:43	1	255	1	0
          7009	2025-05-19 09:27:41	1	255	1	0
          7010	2025-05-19 09:27:45	1	255	1	0
          7060	2025-05-19 09:33:14	1	255	1	0
          7006	2025-05-19 09:42:39	1	255	15	0
          7003	2025-05-19 09:55:31	1	255	1	0
          7003	2025-05-19 09:55:33	1	255	1	0
          7002	2025-05-19 10:03:16	1	255	1	0
          7031	2025-05-19 10:07:02	1	255	15	0
          7004	2025-05-19 10:26:24	1	255	1	0
          7015	2025-05-19 10:26:34	1	255	1	0
          7005	2025-05-19 10:44:34	1	255	1	0
          7030	2025-05-19 11:02:35	1	255	15	0
          7004	2025-05-19 18:07:30	1	255	1	0
          7060	2025-05-19 18:07:45	1	255	1	0
          7009	2025-05-19 18:13:08	1	255	1	0
          7005	2025-05-19 18:13:20	1	255	1	0
          7010	2025-05-19 18:16:13	1	255	1	0
          7015	2025-05-19 18:23:23	1	255	1	0
          7003	2025-05-19 18:45:26	1	255	1	0
          7002	2025-05-19 18:51:45	1	255	1	0
          7002	2025-05-19 18:51:47	1	255	1	0
          7031	2025-05-19 18:58:32	1	255	15	0
          7006	2025-05-19 18:59:37	1	255	15	0
          7006	2025-05-19 18:59:40	1	255	15	0
          7010	2025-05-20 09:23:32	1	255	1	0
          7009	2025-05-20 09:23:38	1	255	1	0
          7003	2025-05-20 09:25:02	1	255	1	0
          7060	2025-05-20 09:25:13	1	255	1	0
          7006	2025-05-20 09:50:32	1	255	15	0
          7031	2025-05-20 09:51:02	1	255	15	0
          7015	2025-05-20 10:03:40	1	255	1	0
          7012	2025-05-20 10:11:44	1	255	15	0
          7030	2025-05-20 10:41:48	1	255	15	0
          7005	2025-05-20 10:44:17	1	255	1	0
          7004	2025-05-20 10:44:22	1	255	1	0
          7002	2025-05-20 10:47:38	1	255	1	0
          7012	2025-05-20 17:35:11	1	255	15	0
          7010	2025-05-20 17:57:04	1	255	1	0
          7004	2025-05-20 17:57:50	1	255	1	0
          7009	2025-05-20 17:57:53	1	255	1	0
          7060	2025-05-20 18:02:01	1	255	1	0
          7003	2025-05-20 18:24:56	1	255	1	0
          7015	2025-05-20 18:30:22	1	255	1	0
          7006	2025-05-20 18:41:39	1	255	15	0
          7031	2025-05-20 18:41:50	1	255	15	0
          7010	2025-05-21 09:36:36	1	255	1	0
          7012	2025-05-21 09:45:00	1	255	15	0
          7015	2025-05-21 10:12:18	1	255	1	0
          7003	2025-05-21 10:15:50	1	255	1	0
          7004	2025-05-21 10:16:36	1	255	1	0
          7007	2025-05-21 10:16:43	1	255	15	0
          7031	2025-05-21 10:21:30	1	255	15	0
          7006	2025-05-21 10:23:43	1	255	15	0
          7006	2025-05-21 10:23:46	1	255	15	0
          7030	2025-05-21 10:24:39	1	255	15	0
          7030	2025-05-21 10:24:42	1	255	15	0
          7002	2025-05-21 10:38:10	1	255	1	0
          7002	2025-05-21 15:54:53	1	255	1	0
          7009	2025-05-21 16:19:21	1	255	1	0
          7006	2025-05-21 16:19:26	1	255	15	0
          7010	2025-05-21 16:21:54	1	255	1	0
          7012	2025-05-21 16:39:16	1	255	15	0
          7003	2025-05-21 16:58:43	1	255	1	0
          7004	2025-05-21 18:08:45	1	255	1	0
          7009	2025-05-21 18:08:56	1	255	1	0
          7015	2025-05-21 18:24:38	1	255	1	0
          7031	2025-05-21 18:27:37	1	255	15	0
          7060	2025-05-21 18:28:57	1	255	1	0
          7060	2025-05-22 09:32:24	1	255	1	0
          7030	2025-05-22 09:32:54	1	255	15	0
          7009	2025-05-22 09:36:11	1	255	1	0
          7010	2025-05-22 09:36:15	1	255	1	0
          7012	2025-05-22 10:14:29	1	255	15	0
          7006	2025-05-22 10:16:36	1	255	15	0
          7006	2025-05-22 10:16:39	1	255	15	0
          7031	2025-05-22 10:16:57	1	255	15	0
          7003	2025-05-22 10:21:18	1	255	1	0
          7015	2025-05-22 10:23:36	1	255	1	0
          7004	2025-05-22 10:35:01	1	255	1	0
          7007	2025-05-22 10:35:19	1	255	1	0
          7006	2025-05-22 15:46:44	1	255	15	0
          7006	2025-05-22 15:46:47	1	255	15	0
          7009	2025-05-22 18:04:02	1	255	1	0
          7010	2025-05-22 18:04:08	1	255	1	0
          7012	2025-05-22 18:19:20	1	255	15	0
          7007	2025-05-22 18:22:57	1	255	1	0
          7004	2025-05-22 18:23:01	1	255	1	0
          7060	2025-05-22 18:23:03	1	255	1	0
          7031	2025-05-22 18:25:07	1	255	15	0
          7003	2025-05-22 18:39:48	1	255	1	0
          7060	2025-05-23 09:32:12	1	255	1	0
          7004	2025-05-23 09:39:30	1	255	1	0
          7007	2025-05-23 09:39:33	1	255	1	0
          7010	2025-05-23 09:46:59	1	255	1	0
          7009	2025-05-23 09:47:12	1	255	1	0
          7015	2025-05-23 10:01:16	1	255	1	0
          7012	2025-05-23 10:04:36	1	255	15	0
          7003	2025-05-23 10:09:12	1	255	1	0
          7031	2025-05-23 10:10:16	1	255	15	0
          7006	2025-05-23 10:12:38	1	255	15	0
          7006	2025-05-23 10:12:41	1	255	15	0
          7030	2025-05-23 12:16:38	1	255	15	0
          7030	2025-05-23 12:16:40	1	255	15	0
          7010	2025-05-23 18:13:25	1	255	1	0
          7012	2025-05-23 18:25:54	1	255	15	0
          7060	2025-05-23 18:26:04	1	255	1	0
          7007	2025-05-23 18:31:31	1	255	1	0
          7004	2025-05-23 18:31:40	1	255	1	0
          7006	2025-05-23 18:31:48	1	255	15	0
          7006	2025-05-23 18:32:00	1	255	15	0
          7015	2025-05-23 18:33:00	1	255	1	0
          7009	2025-05-23 18:41:13	1	255	1	0
          7031	2025-05-23 18:51:11	1	255	15	0
          7031	2025-05-23 18:51:13	1	255	15	0
          7003	2025-05-23 18:57:32	1	255	1	0
          7060	2025-05-24 09:26:08	1	255	1	0
          7009	2025-05-24 09:28:44	1	255	1	0
          7015	2025-05-24 09:56:48	1	255	1	0
          7003	2025-05-24 10:09:47	1	255	1	0
          7004	2025-05-24 10:10:06	1	255	1	0
          7007	2025-05-24 10:10:14	1	255	1	0
          7007	2025-05-24 10:10:16	1	255	15	0
          7030	2025-05-24 10:13:33	1	255	15	0
          7006	2025-05-24 10:25:47	1	255	15	0
          7006	2025-05-24 10:25:50	1	255	15	0
          7031	2025-05-24 10:26:18	1	255	15	0
          7012	2025-05-24 10:33:33	1	255	15	0
          7015	2025-05-24 16:34:40	1	255	1	0
          7009	2025-05-24 17:32:05	1	255	1	0
          7004	2025-05-24 18:04:22	1	255	1	0
          7007	2025-05-24 18:04:24	1	255	1	0
          7060	2025-05-24 18:04:54	1	255	1	0
          7006	2025-05-24 18:05:05	1	255	15	0
          7012	2025-05-24 18:06:55	1	255	15	0
          7031	2025-05-24 18:41:04	1	255	15	0
          7003	2025-05-24 20:08:29	1	255	1	0
          7007	2025-05-26 08:59:31	1	255	1	0
          7007	2025-05-26 08:59:33	1	255	15	0
          7060	2025-05-26 09:27:56	1	255	1	0
          7009	2025-05-26 09:41:29	1	255	1	0
          7010	2025-05-26 09:41:43	1	255	1	0
          7031	2025-05-26 10:09:17	1	255	15	0
          7012	2025-05-26 10:36:03	1	255	15	0
          7030	2025-05-26 10:39:14	1	255	15	0
          7015	2025-05-26 10:54:13	1	255	1	0
          7005	2025-05-26 11:02:17	1	255	1	0
          7006	2025-05-26 11:09:18	1	255	15	0
          7006	2025-05-26 11:09:21	1	255	15	0
          7060	2025-05-26 18:11:46	1	255	1	0
          7003	2025-05-26 18:17:22	1	255	1	0
          7005	2025-05-26 18:17:39	1	255	1	0
          7015	2025-05-26 18:17:47	1	255	1	0
          7010	2025-05-26 18:24:51	1	255	1	0
          7031	2025-05-26 18:49:46	1	255	15	0
          7007	2025-05-26 18:50:38	1	255	1	0
          7002	2025-05-27 09:50:52	1	255	1	0
          7031	2025-05-27 10:13:07	1	255	15	0
          7003	2025-05-27 10:17:13	1	255	1	0
          7015	2025-05-27 10:19:29	1	255	1	0
          7012	2025-05-27 10:24:35	1	255	15	0
          7007	2025-05-27 10:25:05	1	255	1	0
          7004	2025-05-27 10:25:07	1	255	1	0
          7030	2025-05-27 10:38:26	1	255	15	0
          7005	2025-05-27 10:53:03	1	255	1	0
          7012	2025-05-27 17:41:17	1	255	15	0
          7012	2025-05-27 17:41:19	1	255	15	0
          7005	2025-05-27 18:04:26	1	255	1	0
          7009	2025-05-27 18:04:30	1	255	1	0
          7015	2025-05-27 18:06:46	1	255	1	0
          7010	2025-05-27 18:07:02	1	255	1	0
          7007	2025-05-27 18:37:02	1	255	1	0
          7007	2025-05-27 18:37:04	1	255	1	0
          7004	2025-05-27 18:37:06	1	255	1	0
          7003	2025-05-27 18:38:28	1	255	1	0
          7031	2025-05-27 18:40:29	1	255	15	0
          7031	2025-05-27 18:40:32	1	255	15	0
          7060	2025-05-28 09:33:45	1	255	1	0
          7010	2025-05-28 09:40:17	1	255	1	0
          7009	2025-05-28 09:40:54	1	255	1	0
          7031	2025-05-28 10:01:30	1	255	15	0
          7004	2025-05-28 10:19:12	1	255	1	0
          7007	2025-05-28 10:19:17	1	255	1	0
          7012	2025-05-28 10:20:21	1	255	15	0
          7012	2025-05-28 10:20:23	1	255	15	0
          7003	2025-05-28 10:38:04	1	255	1	0
          7015	2025-05-28 10:40:42	1	255	1	0
          7005	2025-05-28 10:46:58	1	255	1	0
          7030	2025-05-28 10:48:28	1	255	15	0
          7030	2025-05-28 10:48:31	1	255	15	0
          7006	2025-05-28 11:25:03	1	255	15	0
          7015	2025-05-28 14:10:45	1	255	1	0
          7009	2025-05-28 18:08:09	1	255	1	0
          7005	2025-05-28 18:08:13	1	255	1	0
          7060	2025-05-28 18:22:48	1	255	1	0
          7007	2025-05-28 18:23:27	1	255	15	0
          7006	2025-05-28 18:24:28	1	255	15	0
          7010	2025-05-28 18:33:14	1	255	1	0
          7031	2025-05-28 18:40:24	1	255	15	0
          7031	2025-05-28 18:40:26	1	255	15	0
          7003	2025-05-29 08:37:58	1	255	1	0
          7060	2025-05-29 09:25:53	1	255	1	0
          7010	2025-05-29 09:33:48	1	255	1	0
          7009	2025-05-29 09:33:51	1	255	1	0
          7031	2025-05-29 10:14:06	1	255	15	0
          7012	2025-05-29 10:19:13	1	255	15	0
          7012	2025-05-29 10:19:15	1	255	15	0
          7007	2025-05-29 10:25:25	1	255	1	0
          7004	2025-05-29 10:25:30	1	255	1	0
          7015	2025-05-29 10:26:34	1	255	1	0
          7005	2025-05-29 10:46:53	1	255	1	0
          7030	2025-05-29 11:28:33	1	255	15	0
          7009	2025-05-29 18:02:13	1	255	1	0
          7005	2025-05-29 18:02:22	1	255	1	0
          7012	2025-05-29 18:09:22	1	255	15	0
          7015	2025-05-29 18:16:18	1	255	1	0
          7060	2025-05-29 18:28:57	1	255	15	0
          7031	2025-05-29 18:41:15	1	255	15	0
          7031	2025-05-29 18:41:18	1	255	15	0
          7007	2025-05-29 18:41:49	1	255	1	0
          7004	2025-05-29 18:41:56	1	255	1	0
          7006	2025-05-29 18:42:58	1	255	15	0
          7006	2025-05-29 18:43:00	1	255	15	0
          7010	2025-05-29 19:14:41	1	255	1	0
          7003	2025-05-29 21:55:19	1	255	1	0
          7060	2025-05-30 09:25:41	1	255	1	0
          7009	2025-05-30 09:30:12	1	255	1	0
          7010	2025-05-30 09:30:29	1	255	1	0
          7003	2025-05-30 09:48:02	1	255	1	0
          7031	2025-05-30 10:02:09	1	255	15	0
          7012	2025-05-30 10:24:21	1	255	15	0
          7015	2025-05-30 10:25:09	1	255	1	0
          7004	2025-05-30 10:27:17	1	255	1	0
          7007	2025-05-30 10:27:20	1	255	1	0
          7006	2025-05-30 10:36:49	1	255	15	0
          7030	2025-05-30 11:08:43	1	255	15	0
          7009	2025-05-30 18:06:16	1	255	1	0
          7010	2025-05-30 18:08:15	1	255	1	0
          7004	2025-05-30 18:11:35	1	255	1	0
          7007	2025-05-30 18:11:37	1	255	1	0
          7060	2025-05-30 18:11:58	1	255	1	0
          7006	2025-05-30 18:12:36	1	255	15	0
          7015	2025-05-30 18:15:02	1	255	1	0
          7012	2025-05-30 18:25:42	1	255	15	0
          7031	2025-05-30 18:35:15	1	255	15	0
          7009	2025-05-31 09:32:15	1	255	1	0
          7010	2025-05-31 09:32:22	1	255	1	0
          7007	2025-05-31 09:59:33	1	255	15	0
          7006	2025-05-31 10:04:22	1	255	15	0
          7015	2025-05-31 10:13:36	1	255	1	0
          7005	2025-05-31 10:31:10	1	255	1	0
          7004	2025-05-31 10:31:22	1	255	1	0
          7030	2025-05-31 10:42:48	1	255	15	0
          7002	2025-05-31 11:23:10	1	255	1	0
          7015	2025-05-31 16:33:45	1	255	1	0
          7010	2025-05-31 17:07:15	1	255	1	0
          7002	2025-05-31 17:11:42	1	255	1	0
          7006	2025-05-31 17:29:45	1	255	15	0
          7006	2025-05-31 17:29:47	1	255	15	0
          7007	2025-05-31 17:29:56	1	255	15	0
          7007	2025-05-31 17:29:58	1	255	1	0
          7004	2025-05-31 17:30:09	1	255	1	0
